# # Wavelength(A) Flux_density(10^{-16} erg/s^{-1}/cm^{-2}/A^{-1})
1444.2317 2.37647041e+00
1444.5647 2.28861034e+00
1444.8970 2.28680134e+00
1445.2302 2.34948830e+00
1445.5627 2.34176579e+00
1445.8960 2.09940117e+00
1446.2287 2.14079536e+00
1446.5614 2.47565273e+00
1446.8949 2.48949474e+00
1447.2278 2.24848249e+00
1447.5615 2.27427179e+00
1447.8945 2.27163149e+00
1448.2284 2.12896921e+00
1448.5616 2.27239897e+00
1448.8948 2.67619961e+00
1449.2289 2.80825577e+00
1449.5623 2.87701881e+00
1449.8966 2.93110245e+00
1450.2301 2.73980446e+00
1450.5646 2.44863052e+00
1450.8983 2.50030251e+00
1451.2328 2.46771851e+00
1451.5667 2.41799019e+00
1451.9006 2.57028938e+00
1452.2354 2.72563648e+00
1452.5695 2.66554844e+00
1452.9045 2.60210220e+00
1453.2387 2.44094109e+00
1453.5738 2.35322903e+00
1453.9082 2.41146683e+00
1454.2427 2.58313972e+00
1454.5780 2.71032585e+00
1454.9127 2.89216873e+00
1455.2482 2.93948032e+00
1455.5829 2.84793209e+00
1455.9186 2.69398434e+00
1456.2535 2.60581944e+00
1456.5885 2.44296856e+00
1456.9244 2.36841034e+00
1457.2596 2.46062897e+00
1457.5956 2.47143185e+00
1457.9309 2.43645275e+00
1458.2671 2.64062420e+00
1458.6026 2.79274544e+00
1458.9382 2.75867657e+00
1459.2746 2.81752132e+00
1459.6103 2.74608456e+00
1459.9469 2.76106094e+00
1460.2827 2.74033958e+00
1460.6195 2.65086773e+00
1460.9555 2.53979504e+00
1461.2916 2.62805798e+00
1461.6285 2.55248055e+00
1461.9648 2.47650909e+00
1462.3019 2.46761654e+00
1462.6383 2.59954514e+00
1462.9756 2.59742100e+00
1463.3121 2.61051712e+00
1463.6488 2.55383110e+00
1463.9863 2.52808056e+00
1464.3231 2.30631710e+00
1464.6608 2.18798782e+00
1464.9977 2.12995110e+00
1465.3355 2.11814423e+00
1465.6726 2.12981453e+00
1466.0098 2.39620281e+00
1466.3479 2.55404560e+00
1466.6852 2.72681473e+00
1467.0234 2.75085140e+00
1467.3609 2.84199337e+00
1467.6993 2.72907124e+00
1468.0369 2.62970547e+00
1468.3746 2.52070045e+00
1468.7132 2.61706959e+00
1469.0511 2.54459370e+00
1469.3899 2.59426956e+00
1469.7279 2.64808765e+00
1470.0668 2.66714455e+00
1470.4050 2.49977207e+00
1470.7433 2.29516762e+00
1471.0824 2.17552689e+00
1471.4208 2.27414307e+00
1471.7601 2.17115238e+00
1472.0987 2.21114815e+00
1472.4382 2.45216015e+00
1472.7769 2.43811108e+00
1473.1157 2.40312931e+00
1473.4554 2.38600723e+00
1473.7944 2.42599274e+00
1474.1342 2.38766716e+00
1474.4734 2.39194977e+00
1474.8134 2.34037186e+00
1475.1526 2.41483608e+00
1475.4920 2.37180737e+00
1475.8322 2.38499310e+00
1476.1718 2.53363121e+00
1476.5122 2.58432751e+00
1476.8518 2.50868912e+00
1477.1924 2.49962700e+00
1477.5322 2.46998989e+00
1477.8729 2.39584648e+00
1478.2129 2.37504925e+00
1478.5530 2.40135944e+00
1478.8939 2.49271698e+00
1479.2341 2.40174446e+00
1479.5753 2.44077587e+00
1479.9156 2.44062866e+00
1480.2569 2.49257072e+00
1480.5974 2.46947990e+00
1480.9380 2.55755657e+00
1481.2795 2.46695454e+00
1481.6203 2.46313828e+00
1481.9620 2.50381443e+00
1482.3029 2.56626553e+00
1482.6447 2.60160805e+00
1482.9858 2.63694225e+00
1483.3269 2.64751991e+00
1483.6690 2.64358009e+00
1484.0103 2.53903503e+00
1484.3525 2.60455128e+00
1484.6940 2.65625820e+00
1485.0364 2.54433544e+00
1485.3780 2.50877533e+00
1485.7197 2.55893589e+00
1486.0623 2.50431404e+00
1486.4042 2.43815235e+00
1486.7469 2.54120914e+00
1487.0890 2.61052921e+00
1487.4319 2.60868404e+00
1487.7741 2.56617577e+00
1488.1163 2.59164276e+00
1488.4595 2.60897873e+00
1488.8019 2.53063503e+00
1489.1452 2.48016685e+00
1489.4878 2.47060482e+00
1489.8313 2.47669720e+00
1490.1740 2.44557800e+00
1490.5168 2.45613499e+00
1490.8605 2.53317513e+00
1491.2035 2.63159519e+00
1491.5473 2.59747177e+00
1491.8905 2.50631851e+00
1492.2345 2.52218983e+00
1492.5778 2.56492317e+00
1492.9212 2.46117485e+00
1493.2654 2.35947678e+00
1493.6089 2.49036911e+00
1493.9534 2.54632900e+00
1494.2970 2.52698559e+00
1494.6416 2.66900600e+00
1494.9855 2.85248482e+00
1495.3294 2.82732174e+00
1495.6742 2.84078587e+00
1496.0183 2.75198097e+00
1496.3633 2.68899521e+00
1496.7075 2.70669685e+00
1497.0526 2.66518135e+00
1497.3970 2.51481415e+00
1497.7415 2.56684525e+00
1498.0869 2.61568546e+00
1498.4315 2.54360142e+00
1498.7771 2.47925686e+00
1499.1218 2.51385731e+00
1499.4675 2.59156044e+00
1499.8125 2.56247753e+00
1500.1575 2.47530872e+00
1500.5035 2.58225937e+00
1500.8486 2.60339890e+00
1501.1947 2.48046124e+00
1501.5401 2.42353012e+00
1501.8863 2.50033890e+00
1502.2318 2.45596729e+00
1502.5783 2.37269428e+00
1502.9239 2.25770782e+00
1503.2697 2.12829075e+00
1503.6163 1.99051651e+00
1503.9622 1.96486710e+00
1504.3090 1.97026596e+00
1504.6551 2.04002323e+00
1505.0021 2.15182144e+00
1505.3483 2.28166397e+00
1505.6946 2.31069813e+00
1506.0418 2.31960808e+00
1506.3883 2.32191380e+00
1506.7356 2.36729198e+00
1507.0823 2.42153263e+00
1507.4298 2.52131481e+00
1507.7766 2.48746361e+00
1508.1234 2.46231785e+00
1508.4712 2.35830482e+00
1508.8182 2.17454571e+00
1509.1662 2.02694565e+00
1509.5133 2.12099461e+00
1509.8614 2.07792381e+00
1510.2088 2.04704380e+00
1510.5562 2.11133015e+00
1510.9045 2.12220402e+00
1511.2521 2.12322346e+00
1511.6006 2.18625134e+00
1511.9483 2.28498650e+00
1512.2970 2.38863930e+00
1512.6449 2.41001869e+00
1512.9929 2.37081066e+00
1513.3418 2.37054428e+00
1513.6899 2.36580292e+00
1514.0390 2.31180378e+00
1514.3873 2.40921207e+00
1514.7365 2.42771301e+00
1515.0849 2.46595047e+00
1515.4335 2.46092884e+00
1515.7829 2.47910870e+00
1516.1316 2.43592365e+00
1516.4813 2.39200012e+00
1516.8301 2.30972775e+00
1517.1799 2.24044567e+00
1517.5289 2.24017075e+00
1517.8780 2.16264462e+00
1518.2280 2.19316765e+00
1518.5773 2.27731327e+00
1518.9275 2.30852802e+00
1519.2769 2.31792393e+00
1519.6273 2.43661579e+00
1519.9769 2.44338253e+00
1520.3265 2.46559410e+00
1520.6771 2.50530281e+00
1521.0269 2.50089012e+00
1521.3777 2.43984299e+00
1521.7277 2.46716324e+00
1522.0786 2.42339916e+00
1522.4287 2.42616360e+00
1522.7790 2.42036007e+00
1523.1301 2.40274841e+00
1523.4805 2.38075527e+00
1523.8318 2.34934990e+00
1524.1824 2.34733360e+00
1524.5338 2.34202419e+00
1524.8846 2.29995918e+00
1525.2354 2.33249130e+00
1525.5871 2.32718765e+00
1525.9380 2.39070213e+00
1526.2899 2.44571484e+00
1526.6410 2.41444389e+00
1526.9931 2.31644581e+00
1527.3444 2.34091625e+00
1527.6957 2.24053341e+00
1528.0480 2.13677826e+00
1528.3995 2.25163128e+00
1528.7520 2.21976688e+00
1529.1037 2.24864716e+00
1529.4563 2.22502483e+00
1529.8081 2.24615448e+00
1530.1609 2.21709930e+00
1530.5129 2.29730545e+00
1530.8650 2.41097847e+00
1531.2180 2.57493156e+00
1531.5703 2.62021786e+00
1531.9234 2.58253891e+00
1532.2759 2.50982410e+00
1532.6292 2.38251022e+00
1532.9818 2.30369282e+00
1533.3344 2.22570518e+00
1533.6880 2.21987225e+00
1534.0408 2.31849361e+00
1534.3946 2.31225384e+00
1534.7476 2.28723061e+00
1535.1015 2.30300812e+00
1535.4546 2.36687210e+00
1535.8079 2.36908119e+00
1536.1620 2.38448650e+00
1536.5154 2.35060188e+00
1536.8697 2.36703518e+00
1537.2233 2.30037220e+00
1537.5778 2.26734730e+00
1537.9315 2.27482754e+00
1538.2853 2.24731373e+00
1538.6400 2.22934513e+00
1538.9940 2.22422359e+00
1539.3489 2.17985264e+00
1539.7030 2.16739662e+00
1540.0580 2.18417995e+00
1540.4123 2.20127178e+00
1540.7667 2.27783524e+00
1541.1220 2.42309689e+00
1541.4765 2.45340488e+00
1541.8320 2.43477108e+00
1542.1867 2.48550701e+00
1542.5423 2.42779678e+00
1542.8972 2.31137146e+00
1543.2521 2.27935768e+00
1543.6080 2.31031685e+00
1543.9631 2.25114376e+00
1544.3191 2.30571152e+00
1544.6744 2.36477684e+00
1545.0306 2.32229458e+00
1545.3860 2.29461658e+00
1545.7415 2.33254181e+00
1546.0980 2.22077736e+00
1546.4536 2.14465843e+00
1546.8103 2.14243015e+00
1547.1661 2.14772194e+00
1547.5229 2.11585110e+00
1547.8789 2.16496555e+00
1548.2350 2.18919960e+00
1548.5920 2.17152248e+00
1548.9482 2.12060852e+00
1549.3054 2.08332989e+00
1549.6618 2.06533463e+00
1550.0192 2.08816570e+00
1550.3758 2.03681488e+00
1550.7324 2.06591442e+00
1551.0900 2.02456165e+00
1551.4468 2.03045918e+00
1551.8046 1.91782261e+00
1552.1616 1.94023449e+00
1552.5195 1.94385494e+00
1552.8767 1.98716053e+00
1553.2339 1.97328850e+00
1553.5921 2.02371700e+00
1553.9495 2.05709026e+00
1554.3078 2.05658142e+00
1554.6654 2.05607304e+00
1555.0239 2.05556496e+00
1555.3816 2.05505722e+00
1555.7394 2.05454990e+00
1556.0982 2.05404297e+00
1556.4562 2.05353634e+00
1556.8151 2.05303009e+00
1557.1732 2.05252426e+00
1557.5323 2.05201881e+00
1557.8906 2.05151371e+00
1558.2499 2.05100899e+00
1558.6083 2.05050468e+00
1558.9669 2.05000072e+00
1559.3264 2.04949703e+00
1559.6851 2.04899376e+00
1560.0448 2.04849091e+00
1560.4037 2.04798832e+00
1560.7635 2.04748611e+00
1561.1225 2.04698429e+00
1561.4817 2.04648289e+00
1561.8417 2.04598175e+00
1562.2010 2.04548103e+00
1562.5613 2.04498070e+00
1562.9207 2.04448074e+00
1563.2812 2.04398106e+00
1563.6408 2.04348179e+00
1564.0005 2.04298290e+00
1564.3612 2.04248432e+00
1564.7210 2.04198612e+00
1565.0819 2.04148830e+00
1565.4419 2.04099087e+00
1565.8029 2.04049370e+00
1566.1631 2.03999695e+00
1566.5234 2.03950050e+00
1566.8846 2.03900448e+00
1567.2451 2.03850876e+00
1567.6065 2.03801342e+00
1567.9671 2.03751846e+00
1568.3287 2.03702385e+00
1568.6895 2.03652950e+00
1569.0504 2.03603558e+00
1569.4122 2.03554203e+00
1569.7732 2.03504875e+00
1570.1352 2.03455585e+00
1570.4964 2.03406334e+00
1570.8586 2.03357117e+00
1571.2199 2.03307934e+00
1571.5814 2.03258785e+00
1571.9438 2.03209675e+00
1572.3054 2.03160599e+00
1572.6680 2.03111553e+00
1573.0298 1.96044430e+00
1573.3925 1.99173447e+00
1573.7545 1.93862545e+00
1574.1165 1.86919876e+00
1574.4795 1.81839149e+00
1574.8417 1.83666996e+00
1575.2049 1.76293694e+00
1575.5672 1.79358280e+00
1575.9306 1.90109787e+00
1576.2931 1.97736744e+00
1576.6557 1.97857910e+00
1577.0193 2.01861794e+00
1577.3821 2.05523308e+00
1577.7458 1.99676949e+00
1578.1088 1.94725784e+00
1578.4727 2.00109230e+00
1578.8358 1.98677090e+00
1579.1990 1.98264656e+00
1579.5632 2.00779373e+00
1579.9266 2.00894169e+00
1580.2909 1.95069653e+00
1580.6544 1.91725105e+00
1581.0189 1.91159081e+00
1581.3826 1.89426968e+00
1581.7464 1.95962551e+00
1582.1112 2.05980564e+00
1582.4751 2.09120495e+00
1582.8401 2.03040627e+00
1583.2042 2.02234604e+00
1583.5693 1.93726467e+00
1583.9336 1.90571854e+00
1584.2980 1.94233593e+00
1584.6633 1.95028355e+00
1585.0278 1.99084339e+00
1585.3933 2.07877422e+00
1585.7581 2.08619160e+00
1586.1237 2.06226856e+00
1586.4886 2.15722271e+00
1586.8545 2.14462845e+00
1587.2195 2.09582695e+00
1587.5847 2.05430042e+00
1587.9507 2.07534481e+00
1588.3161 2.04308113e+00
1588.6823 2.03174042e+00
1589.0478 2.08221020e+00
1589.4142 2.10883007e+00
1589.7799 2.08264973e+00
1590.1456 2.12003399e+00
1590.5123 2.10939651e+00
1590.8782 2.11056126e+00
1591.2450 2.13343410e+00
1591.6111 2.16418594e+00
1591.9781 2.09607864e+00
1592.3443 2.06901848e+00
1592.7107 1.97138386e+00
1593.0779 1.89544868e+00
1593.4444 1.88628681e+00
1593.8119 1.91627583e+00
1594.1785 1.93841755e+00
1594.5461 1.99919220e+00
1594.9130 1.98798512e+00
1595.2799 1.93137173e+00
1595.6477 1.94538551e+00
1596.0148 1.93697170e+00
1596.3828 1.93323536e+00
1596.7501 2.01711407e+00
1597.1183 2.02151783e+00
1597.4857 1.97173458e+00
1597.8532 1.92171154e+00
1598.2217 1.89291164e+00
1598.5893 1.87959545e+00
1598.9580 1.91155155e+00
1599.3258 1.95803127e+00
1599.6946 2.02856880e+00
1600.0626 2.04910488e+00
1600.4307 2.04735203e+00
1600.7998 2.04430733e+00
1601.1680 2.00753510e+00
1601.5373 2.03126511e+00
1601.9057 2.03866333e+00
1602.2751 2.01166843e+00
1602.6437 2.00498672e+00
1603.0124 2.12383080e+00
1603.3820 2.12308445e+00
1603.7509 2.08722782e+00
1604.1207 2.07564590e+00
1604.4897 2.05514416e+00
1604.8597 1.93135887e+00
1605.2289 1.96049118e+00
1605.5982 2.02454727e+00
1605.9684 2.01781906e+00
1606.3379 2.06060265e+00
1606.7083 2.09389236e+00
1607.0779 2.05424305e+00
1607.4485 2.09910088e+00
1607.8183 2.14847309e+00
1608.1882 2.19802189e+00
1608.5590 2.16886795e+00
1608.9291 2.18252281e+00
1609.3001 2.14021080e+00
1609.6703 2.12755302e+00
1610.0415 2.06118992e+00
1610.4119 2.04403946e+00
1610.7824 2.04612465e+00
1611.1538 1.99836426e+00
1611.5244 2.02394798e+00
1611.8961 2.10832443e+00
1612.2669 2.14077404e+00
1612.6387 2.15725082e+00
1613.0096 2.18587093e+00
1613.3807 2.21095123e+00
1613.7528 2.25561455e+00
1614.1240 2.32695671e+00
1614.4962 2.27085976e+00
1614.8676 2.21762657e+00
1615.2400 2.15455334e+00
1615.6116 2.02372540e+00
1615.9842 1.95392025e+00
1616.3559 1.99840015e+00
1616.7277 2.00983421e+00
1617.1006 1.97775757e+00
1617.4726 1.95161579e+00
1617.8456 1.95437820e+00
1618.2177 1.92773132e+00
1618.5909 1.91416962e+00
1618.9633 1.93881420e+00
1619.3357 1.98387661e+00
1619.7091 1.98937634e+00
1620.0817 1.98015594e+00
1620.4553 2.04758816e+00
1620.8281 2.09646294e+00
1621.2019 2.10623123e+00
1621.5748 2.11004906e+00
1621.9478 2.11193100e+00
1622.3219 2.07128174e+00
1622.6951 2.05377575e+00
1623.0693 2.06578735e+00
1623.4427 2.09138695e+00
1623.8170 2.11799053e+00
1624.1906 2.03041357e+00
1624.5642 2.01836321e+00
1624.9388 1.95546686e+00
1625.3127 1.97521608e+00
1625.6874 1.97761354e+00
1626.0614 2.07346939e+00
1626.4364 2.08527885e+00
1626.8106 2.11779362e+00
1627.1848 2.04411129e+00
1627.5600 2.02963192e+00
1627.9344 2.02914608e+00
1628.3098 2.00308792e+00
1628.6844 2.03343201e+00
1629.0600 2.05517410e+00
1629.4348 2.08125984e+00
1629.8096 2.10561008e+00
1630.1854 2.12895542e+00
1630.5605 2.13018623e+00
1630.9365 2.12803818e+00
1631.3117 2.10499741e+00
1631.6878 2.08361965e+00
1632.0632 2.08071865e+00
1632.4387 2.07758919e+00
1632.8151 2.07971104e+00
1633.1907 2.11595116e+00
1633.5673 2.14020370e+00
1633.9431 2.12282406e+00
1634.3199 2.11120937e+00
1634.6959 2.08393509e+00
1635.0720 2.01406639e+00
1635.4490 1.96877636e+00
1635.8252 2.00993191e+00
1636.2025 2.04067585e+00
1636.5789 2.11560123e+00
1636.9563 2.20935360e+00
1637.3328 2.24519394e+00
1637.7095 2.21398735e+00
1638.0871 2.20917091e+00
1638.4640 2.18527382e+00
1638.8418 2.10952000e+00
1639.2188 2.09109848e+00
1639.5968 2.12338932e+00
1639.9740 2.08743145e+00
1640.3513 2.03266071e+00
1640.7296 1.99468548e+00
1641.1070 2.02003242e+00
1641.4854 2.04043926e+00
1641.8631 2.04463428e+00
1642.2417 2.08071129e+00
1642.6195 2.10321732e+00
1642.9973 2.08599369e+00
1643.3762 2.06314194e+00
1643.7543 2.07281841e+00
1644.1333 2.08481037e+00
1644.5115 2.17059452e+00
1644.8908 2.15834030e+00
1645.2692 2.11509148e+00
1645.6486 2.13045483e+00
1646.0271 2.14399693e+00
1646.4058 2.08964382e+00
1646.7855 2.07687828e+00
1647.1643 2.09950508e+00
1647.5441 2.11532238e+00
1647.9232 2.02545765e+00
1648.3032 1.99488594e+00
1648.6824 1.98848469e+00
1649.0616 2.00094471e+00
1649.4419 1.99547276e+00
1649.8214 2.03933651e+00
1650.2018 2.06777744e+00
1650.5814 2.05734638e+00
1650.9621 2.02323540e+00
1651.3419 2.01551910e+00
1651.7217 1.98227081e+00
1652.1026 1.97533417e+00
1652.4827 2.02019806e+00
1652.8637 1.99856266e+00
1653.2440 1.95399166e+00
1653.6252 2.06545242e+00
1654.0056 2.08747456e+00
1654.3861 2.08396183e+00
1654.7676 2.10550808e+00
1655.1483 2.16363293e+00
1655.5300 2.16562737e+00
1655.9108 2.12524860e+00
1656.2927 2.05391857e+00
1656.6737 2.10567326e+00
1657.0548 2.14188602e+00
1657.4369 2.03987755e+00
1657.8182 2.00125225e+00
1658.2005 2.06652794e+00
1658.5820 2.04265453e+00
1658.9645 1.95985428e+00
1659.3461 2.00286274e+00
1659.7278 2.04742729e+00
1660.1106 2.03800507e+00
1660.4925 2.01206833e+00
1660.8754 1.99077179e+00
1661.2575 1.98622284e+00
1661.6405 2.01696404e+00
1662.0228 1.97941181e+00
1662.4051 1.96128296e+00
1662.7885 2.01979496e+00
1663.1710 2.02634396e+00
1663.5545 2.00497440e+00
1663.9372 2.08100636e+00
1664.3209 2.09319298e+00
1664.7038 2.04226295e+00
1665.0868 2.07889328e+00
1665.4707 2.07844677e+00
1665.8539 2.01020855e+00
1666.2380 2.02217804e+00
1666.6213 2.01743488e+00
1667.0057 1.94930000e+00
1667.3891 1.94685860e+00
1667.7727 2.01107742e+00
1668.1573 2.00494648e+00
1668.5411 2.06853786e+00
1668.9258 2.07557858e+00
1669.3098 2.10100803e+00
1669.6947 2.07885456e+00
1670.0788 2.06845509e+00
1670.4630 2.02112492e+00
1670.8482 2.01290154e+00
1671.2326 1.94951382e+00
1671.6180 1.89573063e+00
1672.0025 1.89959332e+00
1672.3881 1.94706005e+00
1672.7728 1.91765938e+00
1673.1576 1.97709335e+00
1673.5435 1.98545265e+00
1673.9285 2.00154041e+00
1674.3145 1.95100601e+00
1674.6996 2.00171360e+00
1675.0858 1.98344746e+00
1675.4712 1.97689091e+00
1675.8575 1.95606045e+00
1676.2431 1.91966515e+00
1676.6287 1.87159336e+00
1677.0153 1.88306660e+00
1677.4011 1.88364994e+00
1677.7879 1.90877266e+00
1678.1739 1.91253178e+00
1678.5609 1.90927986e+00
1678.9470 1.94107109e+00
1679.3333 2.01165115e+00
1679.7205 1.96993214e+00
1680.1069 1.98137905e+00
1680.4944 2.05154003e+00
1680.8809 2.01992214e+00
1681.2686 1.99910427e+00
1681.6553 2.05408897e+00
1682.0422 2.06939030e+00
1682.4301 1.99521931e+00
1682.8171 1.97033783e+00
1683.2052 1.96571514e+00
1683.5924 1.88713673e+00
1683.9806 1.83830158e+00
1684.3680 1.85890141e+00
1684.7555 1.84967052e+00
1685.1440 1.87347267e+00
1685.5317 1.92565758e+00
1685.9203 1.90850845e+00
1686.3082 1.89156616e+00
1686.6970 1.89805950e+00
1687.0851 1.86205666e+00
1687.4732 1.85184223e+00
1687.8623 1.89007519e+00
1688.2506 1.91005131e+00
1688.6399 1.92553535e+00
1689.0284 1.96038147e+00
1689.4179 1.94721355e+00
1689.8065 2.02498322e+00
1690.1952 2.04213104e+00
1690.5850 2.01608879e+00
1690.9739 1.96563438e+00
1691.3639 1.93121822e+00
1691.7529 1.84516430e+00
1692.1431 1.81317894e+00
1692.5323 1.81639297e+00
1692.9217 1.83865475e+00
1693.3121 1.85737576e+00
1693.7016 1.84033676e+00
1694.0922 1.82841511e+00
1694.4819 1.82546448e+00
1694.8727 1.79334541e+00
1695.2626 1.76508354e+00
1695.6526 1.82064571e+00
1696.0436 1.90762241e+00
1696.4337 1.92434368e+00
1696.8249 1.92399418e+00
1697.2153 1.98701588e+00
1697.6067 1.97524174e+00
1697.9972 1.91513847e+00
1698.3878 1.91392708e+00
1698.7795 1.93620968e+00
1699.1703 1.90627625e+00
1699.5621 1.88972172e+00
1699.9531 1.93362072e+00
1700.3451 1.89314381e+00
1700.7362 1.85426613e+00
1701.1275 1.82214348e+00
1701.5198 1.84466305e+00
1701.9112 1.79731392e+00
1702.3037 1.79199276e+00
1702.6953 1.84315811e+00
1703.0879 1.95854889e+00
1703.4797 1.92154049e+00
1703.8716 1.88919292e+00
1704.2645 1.94029694e+00
1704.6566 1.89446499e+00
1705.0496 1.81097424e+00
1705.4419 1.85430721e+00
1705.8352 1.91037472e+00
1706.2276 1.95654179e+00
1706.6210 2.01855045e+00
1707.0136 2.07386871e+00
1707.4063 2.03789722e+00
1707.8001 2.03361862e+00
1708.1929 2.01160576e+00
1708.5869 2.00562939e+00
1708.9799 1.99517727e+00
1709.3740 2.03359470e+00
1709.7672 2.03474297e+00
1710.1606 2.00440777e+00
1710.5549 1.97809940e+00
1710.9484 1.99520706e+00
1711.3430 2.05496449e+00
1711.7367 2.03385914e+00
1712.1314 2.04185768e+00
1712.5253 2.08297485e+00
1712.9192 2.10015877e+00
1713.3142 2.06612095e+00
1713.7084 2.10230160e+00
1714.1035 2.08682331e+00
1714.4979 2.01934711e+00
1714.8932 1.95956985e+00
1715.2877 1.86126541e+00
1715.6823 1.74371433e+00
1716.0780 1.73153351e+00
1716.4728 1.77899120e+00
1716.8686 1.75637238e+00
1717.2635 1.78047737e+00
1717.6595 1.78590038e+00
1718.0547 1.80036095e+00
1718.4499 1.69668125e+00
1718.8462 1.70912277e+00
1719.2416 1.72788975e+00
1719.6381 1.82181362e+00
1720.0337 1.79067959e+00
1720.4303 1.91499599e+00
1720.8261 1.97352417e+00
1721.2219 1.96735447e+00
1721.6189 1.93810585e+00
1722.0149 1.97519672e+00
1722.4120 1.94309898e+00
1722.8082 1.91728161e+00
1723.2055 1.94707481e+00
1723.6019 1.95285770e+00
1723.9985 2.00711708e+00
1724.3960 2.00393215e+00
1724.7927 1.98602783e+00
1725.1904 2.03596916e+00
1725.5873 2.04989895e+00
1725.9852 1.98246876e+00
1726.3823 2.05631523e+00
1726.7794 2.08141468e+00
1727.1776 1.97127243e+00
1727.5750 1.93949570e+00
1727.9733 1.96749329e+00
1728.3709 1.87294659e+00
1728.7694 1.80049126e+00
1729.1671 1.84293182e+00
1729.5649 1.85206676e+00
1729.9637 1.84117317e+00
1730.3617 1.83470497e+00
1730.7607 1.87821152e+00
1731.1589 1.82869312e+00
1731.5581 1.94484386e+00
1731.9564 1.93536396e+00
1732.3549 1.93306599e+00
1732.7544 1.91407082e+00
1733.1530 1.93758465e+00
1733.5526 1.86232487e+00
1733.9514 1.83653934e+00
1734.3513 1.84946472e+00
1734.7503 1.87809444e+00
1735.1503 1.92693188e+00
1735.5495 1.93708214e+00
1735.9487 1.93403004e+00
1736.3490 1.97222294e+00
1736.7485 1.93630726e+00
1737.1490 1.93897480e+00
1737.5486 1.88838882e+00
1737.9493 1.99469570e+00
1738.3491 2.02834698e+00
1738.7490 2.03976063e+00
1739.1499 2.04018501e+00
1739.5500 2.05196140e+00
1739.9512 1.93884243e+00
1740.3514 1.82517162e+00
1740.7528 1.80073185e+00
1741.1532 1.79679386e+00
1741.5538 1.80155422e+00
1741.9554 1.78874268e+00
1742.3561 1.84393234e+00
1742.7579 1.87261032e+00
1743.1588 1.82681179e+00
1743.5608 1.83765446e+00
1743.9619 1.88303440e+00
1744.3631 1.87796120e+00
1744.7653 1.88460159e+00
1745.1667 1.88009880e+00
1745.5691 1.83488415e+00
1745.9707 1.78345860e+00
1746.3733 1.78462273e+00
1746.7751 1.74589207e+00
1747.1769 1.75277481e+00
1747.5798 1.77622318e+00
1747.9818 1.81525215e+00
1748.3849 1.82013786e+00
1748.7871 1.85198666e+00
1749.1904 1.90300716e+00
1749.5928 1.98604343e+00
1749.9953 2.00347580e+00
1750.3988 1.95534309e+00
1750.8015 1.94264599e+00
1751.2052 1.85115074e+00
1751.6081 1.73768604e+00
1752.0120 1.76242733e+00
1752.4151 1.80331993e+00
1752.8182 1.82594414e+00
1753.2224 1.91762001e+00
1753.6257 1.94924515e+00
1754.0301 1.91304699e+00
1754.4336 1.92901989e+00
1754.8382 1.91905594e+00
1755.2419 1.85836262e+00
1755.6457 1.84034630e+00
1756.0505 1.83073933e+00
1756.4545 1.80681774e+00
1756.8595 1.80493401e+00
1757.2637 1.81551964e+00
1757.6689 1.81112324e+00
1758.0733 1.90036133e+00
1758.4777 1.95474266e+00
1758.8832 1.94671295e+00
1759.2878 1.96440781e+00
1759.6935 1.92825365e+00
1760.0983 1.82425215e+00
1760.5042 1.76555441e+00
1760.9092 1.76961115e+00
1761.3143 1.75381495e+00
1761.7205 1.80986546e+00
1762.1258 1.81825569e+00
1762.5321 1.79368332e+00
1762.9376 1.76045918e+00
1763.3441 1.72988358e+00
1763.7498 1.69684887e+00
1764.1555 1.69324059e+00
1764.5623 1.76455994e+00
1764.9682 1.86477802e+00
1765.3752 1.89273140e+00
1765.7814 1.89919933e+00
1766.1885 1.90964508e+00
1766.5949 1.87620209e+00
1767.0022 1.85273670e+00
1767.4087 1.87217175e+00
1767.8153 1.88018536e+00
1768.2230 1.88862877e+00
1768.6298 1.90130081e+00
1769.0376 1.85105183e+00
1769.4446 1.86558350e+00
1769.8526 1.92063919e+00
1770.2597 1.90735397e+00
1770.6670 1.90176281e+00
1771.0753 1.92738544e+00
1771.4827 1.87998634e+00
1771.8912 1.85444679e+00
1772.2989 1.82653797e+00
1772.7075 1.79199512e+00
1773.1153 1.77178581e+00
1773.5233 1.75816368e+00
1773.9322 1.76653175e+00
1774.3403 1.81672058e+00
1774.7495 1.83441238e+00
1775.1578 1.83701141e+00
1775.5671 1.87994637e+00
1775.9756 1.81296581e+00
1776.3841 1.79436710e+00
1776.7938 1.81268925e+00
1777.2025 1.84053185e+00
1777.6123 1.85602631e+00
1778.0213 1.91798790e+00
1778.4313 1.94421902e+00
1778.8404 1.92246822e+00
1779.2496 1.90055229e+00
1779.6599 1.92904789e+00
1780.0693 1.92807819e+00
1780.4798 1.93035244e+00
1780.8894 1.95322231e+00
1781.3001 1.96844349e+00
1781.7098 1.92027683e+00
1782.1197 1.93808292e+00
1782.5307 1.94661640e+00
1782.9407 1.89515614e+00
1783.3519 1.86271160e+00
1783.7621 1.87673115e+00
1784.1735 1.88524902e+00
1784.5839 1.88067963e+00
1784.9945 1.95481461e+00
1785.4061 2.00481209e+00
1785.8168 2.01890339e+00
1786.2286 1.98906307e+00
1786.6395 1.95044209e+00
1787.0515 1.92914753e+00
1787.4626 1.90093704e+00
1787.8738 1.86967651e+00
1788.2861 1.89456390e+00
1788.6975 1.87881527e+00
1789.1100 1.74120953e+00
1789.5216 1.74296337e+00
1789.9342 1.76387905e+00
1790.3460 1.75675190e+00
1790.7579 1.77827637e+00
1791.1708 1.85392384e+00
1791.5829 1.90922867e+00
1791.9960 1.90670639e+00
1792.4083 1.89032139e+00
1792.8216 1.88065418e+00
1793.2340 1.93052830e+00
1793.6465 1.85847916e+00
1794.0602 1.82059708e+00
1794.4729 1.79631187e+00
1794.8867 1.78918262e+00
1795.2996 1.79578495e+00
1795.7136 1.82928371e+00
1796.1267 1.83317051e+00
1796.5399 1.84369122e+00
1796.9542 1.82098133e+00
1797.3675 1.78478729e+00
1797.7820 1.72223488e+00
1798.1956 1.74143631e+00
1798.6103 1.74831470e+00
1799.0240 1.78991539e+00
1799.4389 1.80467644e+00
1799.8528 1.79860756e+00
1800.2669 1.79542912e+00
1800.6820 1.74695313e+00
1801.0963 1.74275013e+00
1801.5116 1.73570332e+00
1801.9260 1.76054356e+00
1802.3415 1.77904400e+00
1802.7562 1.80700649e+00
1803.1709 1.80785835e+00
1803.5867 1.83921989e+00
1804.0016 1.85953213e+00
1804.4176 1.84395309e+00
1804.8327 1.84147751e+00
1805.2489 1.86835464e+00
1805.6642 1.85800186e+00
1806.0796 1.86265919e+00
1806.4961 1.87178982e+00
1806.9117 1.90102940e+00
1807.3283 1.86084145e+00
1807.7441 1.83054726e+00
1808.1610 1.81893250e+00
1808.5769 1.80110634e+00
1808.9930 1.80372677e+00
1809.4101 1.78652157e+00
1809.8264 1.81528877e+00
1810.2437 1.85410114e+00
1810.6602 1.90575607e+00
1811.0777 1.90849655e+00
1811.4943 1.91626831e+00
1811.9111 1.88349216e+00
1812.3289 1.82618927e+00
1812.7458 1.77009773e+00
1813.1638 1.76776787e+00
1813.5810 1.80633148e+00
1813.9992 1.82822712e+00
1814.4165 1.87830463e+00
1814.8339 1.93183178e+00
1815.2524 1.86422768e+00
1815.6700 1.83603939e+00
1816.0887 1.88694675e+00
1816.5064 1.81063011e+00
1816.9253 1.77944782e+00
1817.3433 1.80623257e+00
1817.7614 1.77237923e+00
1818.1806 1.70289486e+00
1818.5988 1.75357002e+00
1819.0182 1.78515804e+00
1819.4367 1.80941383e+00
1819.8562 1.84206230e+00
1820.2749 1.87224117e+00
1820.6936 1.86980671e+00
1821.1135 1.83185005e+00
1821.5324 1.83351391e+00
1821.9525 1.82672619e+00
1822.3716 1.79930046e+00
1822.7918 1.78035107e+00
1823.2112 1.76122948e+00
1823.6306 1.74155987e+00
1824.0511 1.72557453e+00
1824.4707 1.70807766e+00
1824.8915 1.69025261e+00
1825.3113 1.72382004e+00
1825.7322 1.75890434e+00
1826.1522 1.75886192e+00
1826.5723 1.80129524e+00
1826.9935 1.84923489e+00
1827.4138 1.83780281e+00
1827.8352 1.79481094e+00
1828.2557 1.79747200e+00
1828.6773 1.76340950e+00
1829.0980 1.74676128e+00
1829.5187 1.73623596e+00
1829.9406 1.74942074e+00
1830.3616 1.78170551e+00
1830.7837 1.78911324e+00
1831.2048 1.80348927e+00
1831.6271 1.83405506e+00
1832.0485 1.81866627e+00
1832.4709 1.82493484e+00
1832.8925 1.79619158e+00
1833.3142 1.74481600e+00
1833.7369 1.70615271e+00
1834.1588 1.73177572e+00
1834.5817 1.77647543e+00
1835.0038 1.86128578e+00
1835.4269 1.92728642e+00
1835.8491 1.94356800e+00
1836.2715 1.97040478e+00
1836.6949 1.92479889e+00
1837.1174 1.88129753e+00
1837.5411 1.89451546e+00
1837.9638 1.84002224e+00
1838.3876 1.79503120e+00
1838.8106 1.78583378e+00
1839.2336 1.79612801e+00
1839.6577 1.71066343e+00
1840.0809 1.75047346e+00
1840.5052 1.74865610e+00
1840.9286 1.77959059e+00
1841.3531 1.71350006e+00
1841.7767 1.76978361e+00
1842.2004 1.77696737e+00
1842.6253 1.75183266e+00
1843.0491 1.72057701e+00
1843.4741 1.77383989e+00
1843.8982 1.75659040e+00
1844.3234 1.76578501e+00
1844.7477 1.78734119e+00
1845.1721 1.78853783e+00
1845.5976 1.81200317e+00
1846.0222 1.80730465e+00
1846.4479 1.76624466e+00
1846.8726 1.75176598e+00
1847.2985 1.75012886e+00
1847.7235 1.73078632e+00
1848.1486 1.71639687e+00
1848.5747 1.70656921e+00
1849.0000 1.69828259e+00
1849.4264 1.64049343e+00
1849.8518 1.59058327e+00
1850.2784 1.67124146e+00
1850.7041 1.72068836e+00
1851.1298 1.77683662e+00
1851.5567 1.82557770e+00
1851.9826 1.85798733e+00
1852.4097 1.80154728e+00
1852.8358 1.72989210e+00
1853.2631 1.70589682e+00
1853.6894 1.71122408e+00
1854.1159 1.70228388e+00
1854.5434 1.71598284e+00
1854.9701 1.80981281e+00
1855.3978 1.82627754e+00
1855.8246 1.83663197e+00
1856.2526 1.84615627e+00
1856.6796 1.83122997e+00
1857.1067 1.85005070e+00
1857.5350 1.83338760e+00
1857.9623 1.80377918e+00
1858.3908 1.83306446e+00
1858.8183 1.79963120e+00
1859.2469 1.73151779e+00
1859.6746 1.75309429e+00
1860.1024 1.75092010e+00
1860.5314 1.73300308e+00
1860.9594 1.75459583e+00
1861.3885 1.78344948e+00
1861.8167 1.75979763e+00
1862.2461 1.74074884e+00
1862.6745 1.73330149e+00
1863.1030 1.69386553e+00
1863.5326 1.67251638e+00
1863.9613 1.67241323e+00
1864.3911 1.70421196e+00
1864.8200 1.69506138e+00
1865.2501 1.73999428e+00
1865.6792 1.73561581e+00
1866.1094 1.72882893e+00
1866.5387 1.69674507e+00
1866.9681 1.70266361e+00
1867.3986 1.66661446e+00
1867.8282 1.68845669e+00
1868.2589 1.70203617e+00
1868.6887 1.70757767e+00
1869.1196 1.68898067e+00
1869.5496 1.73834778e+00
1869.9797 1.72126930e+00
1870.4109 1.69496071e+00
1870.8412 1.72459229e+00
1871.2726 1.74268661e+00
1871.7031 1.72054714e+00
1872.1347 1.74962402e+00
1872.5654 1.78928341e+00
1872.9962 1.78797539e+00
1873.4281 1.78034702e+00
1873.8590 1.76410034e+00
1874.2912 1.73483501e+00
1874.7223 1.71488289e+00
1875.1546 1.70627808e+00
1875.5860 1.71446724e+00
1876.0175 1.72887421e+00
1876.4501 1.73459759e+00
1876.8818 1.75713436e+00
1877.3146 1.79846325e+00
1877.7464 1.76446842e+00
1878.1795 1.77732780e+00
1878.6115 1.75678467e+00
1879.0437 1.72962498e+00
1879.4770 1.64722057e+00
1879.9094 1.65906330e+00
1880.3429 1.67315571e+00
1880.7754 1.66168953e+00
1881.2091 1.61341127e+00
1881.6419 1.65693830e+00
1882.0748 1.68888510e+00
1882.5088 1.66890146e+00
1882.9419 1.66808168e+00
1883.3761 1.75385532e+00
1883.8093 1.76123280e+00
1884.2437 1.71711491e+00
1884.6772 1.71410496e+00
1885.1108 1.70390295e+00
1885.5455 1.65230356e+00
1885.9792 1.60453169e+00
1886.4141 1.59995634e+00
1886.8481 1.56421503e+00
1887.2832 1.58460575e+00
1887.7174 1.59313728e+00
1888.1516 1.62962494e+00
1888.5870 1.64670067e+00
1889.0215 1.67980206e+00
1889.4571 1.69421780e+00
1889.8918 1.69719311e+00
1890.3276 1.71233776e+00
1890.7625 1.74556862e+00
1891.1974 1.75439373e+00
1891.6335 1.75487194e+00
1892.0687 1.76714752e+00
1892.5050 1.74516766e+00
1892.9404 1.70908993e+00
1893.3769 1.70695992e+00
1893.8124 1.69334080e+00
1894.2481 1.68334995e+00
1894.6849 1.68253128e+00
1895.1208 1.71586620e+00
1895.5578 1.71165222e+00
1895.9939 1.70818474e+00
1896.4311 1.67310976e+00
1896.8674 1.67844259e+00
1897.3037 1.67289671e+00
1897.7412 1.65954882e+00
1898.1778 1.64256905e+00
1898.6155 1.67141138e+00
1899.0523 1.61640306e+00
1899.4902 1.62906378e+00
1899.9272 1.64138754e+00
1900.3653 1.66184990e+00
1900.8025 1.65691719e+00
1901.2398 1.70945389e+00
1901.6782 1.66651896e+00
1902.1157 1.65818731e+00
1902.5543 1.66905806e+00
1902.9920 1.68917818e+00
1903.4308 1.68999743e+00
1903.8687 1.69701729e+00
1904.3067 1.67715946e+00
1904.7458 1.70100597e+00
1905.1840 1.66178141e+00
1905.6233 1.65380171e+00
1906.0617 1.65391687e+00
1906.5012 1.67154051e+00
1906.9398 1.60839067e+00
1907.3785 1.60039688e+00
1907.8183 1.54521442e+00
1908.2572 1.56674103e+00
1908.6973 1.57025860e+00
1909.1364 1.57588305e+00
1909.5766 1.59049055e+00
1910.0159 1.62932098e+00
1910.4553 1.62605808e+00
1910.8959 1.61796413e+00
1911.3355 1.66132154e+00
1911.7762 1.69651243e+00
1912.2160 1.70873848e+00
1912.6570 1.69927517e+00
1913.0970 1.71898758e+00
1913.5371 1.68145323e+00
1913.9783 1.64695454e+00
1914.4186 1.64096769e+00
1914.8601 1.61653175e+00
1915.3006 1.59677124e+00
1915.7423 1.60976561e+00
1916.1830 1.60689394e+00
1916.6238 1.59659534e+00
1917.0658 1.62158854e+00
1917.5068 1.58214989e+00
1917.9490 1.54066622e+00
1918.3902 1.50504398e+00
1918.8326 1.50352995e+00
1919.2740 1.47678547e+00
1919.7155 1.49711987e+00
1920.1582 1.53249613e+00
1920.5999 1.55620218e+00
1921.0428 1.55428087e+00
1921.4847 1.56200289e+00
1921.9278 1.57319294e+00
1922.3700 1.55420719e+00
1922.8122 1.54682867e+00
1923.2556 1.53200319e+00
1923.6980 1.53326246e+00
1924.1416 1.53575964e+00
1924.5843 1.54603022e+00
1925.0281 1.57468338e+00
1925.4709 1.60169138e+00
1925.9139 1.58943987e+00
1926.3580 1.56579029e+00
1926.8012 1.54960833e+00
1927.2455 1.54339657e+00
1927.6888 1.54012695e+00
1928.1334 1.54182386e+00
1928.5769 1.52276398e+00
1929.0206 1.54794756e+00
1929.4654 1.51532101e+00
1929.9093 1.51138327e+00
1930.3543 1.50243038e+00
1930.7984 1.54277237e+00
1931.2436 1.57191040e+00
1931.6879 1.57754333e+00
1932.1323 1.57066545e+00
1932.5778 1.57686014e+00
1933.0224 1.53633709e+00
1933.4682 1.46899439e+00
1933.9130 1.50005968e+00
1934.3589 1.53043917e+00
1934.8039 1.50882708e+00
1935.2501 1.52977486e+00
1935.6953 1.54349802e+00
1936.1406 1.53064051e+00
1936.5871 1.48601877e+00
1937.0326 1.49513113e+00
1937.4792 1.51955851e+00
1937.9250 1.52729822e+00
1938.3718 1.55785810e+00
1938.8178 1.60454985e+00
1939.2638 1.60038828e+00
1939.7110 1.58367661e+00
1940.1572 1.59900951e+00
1940.6046 1.56484304e+00
1941.0510 1.54226803e+00
1941.4986 1.55899958e+00
1941.9453 1.53156546e+00
1942.3920 1.52161745e+00
1942.8399 1.53207373e+00
1943.2869 1.49043764e+00
1943.7350 1.47081718e+00
1944.1821 1.45385723e+00
1944.6305 1.44897781e+00
1945.0778 1.42595680e+00
1945.5253 1.45733339e+00
1945.9739 1.51391853e+00
1946.4216 1.55835419e+00
1946.8704 1.53927139e+00
1947.3183 1.56079813e+00
1947.7674 1.57959578e+00
1948.2154 1.53455498e+00
1948.6636 1.51422642e+00
1949.1130 1.51805132e+00
1949.5614 1.50023664e+00
1950.0109 1.49883942e+00
1950.4595 1.51948004e+00
1950.9093 1.50808235e+00
1951.3581 1.48696878e+00
1951.8070 1.50803045e+00
1952.2571 1.49399670e+00
1952.7062 1.45563652e+00
1953.1565 1.44578121e+00
1953.6058 1.44834375e+00
1954.0563 1.42388283e+00
1954.5059 1.40187965e+00
1954.9555 1.41017225e+00
1955.4063 1.43439501e+00
1955.8561 1.46975464e+00
1956.3071 1.48802631e+00
1956.7572 1.48672867e+00
1957.2084 1.49229126e+00
1957.6587 1.52117374e+00
1958.1090 1.47777708e+00
1958.5606 1.44420427e+00
1959.0111 1.47658813e+00
1959.4629 1.49921257e+00
1959.9136 1.49982899e+00
1960.3656 1.53130766e+00
1960.8166 1.55242760e+00
1961.2677 1.53720093e+00
1961.7199 1.51875908e+00
1962.1712 1.47123125e+00
1962.6237 1.41553894e+00
1963.0752 1.38514149e+00
1963.5279 1.35601460e+00
1963.9796 1.36012569e+00
1964.4314 1.39647400e+00
1964.8844 1.42386278e+00
1965.3364 1.41895634e+00
1965.7896 1.44578978e+00
1966.2418 1.42669609e+00
1966.6952 1.39924940e+00
1967.1477 1.43374382e+00
1967.6002 1.43755030e+00
1968.0539 1.40226948e+00
1968.5067 1.40907263e+00
1968.9606 1.41266987e+00
1969.4136 1.38342266e+00
1969.8677 1.38020405e+00
1970.3209 1.42110140e+00
1970.7752 1.43905615e+00
1971.2286 1.41785793e+00
1971.6821 1.41468250e+00
1972.1368 1.44338696e+00
1972.5904 1.43578001e+00
1973.0453 1.40319611e+00
1973.4992 1.41474312e+00
1973.9543 1.45243597e+00
1974.4084 1.46513937e+00
1974.8626 1.47290543e+00
1975.3180 1.51285286e+00
1975.7724 1.53715317e+00
1976.2280 1.51253447e+00
1976.6827 1.48903553e+00
1977.1385 1.47025410e+00
1977.5933 1.42125998e+00
1978.0483 1.39981678e+00
1978.5044 1.40209694e+00
1978.9596 1.39913525e+00
1979.4159 1.35116650e+00
1979.8713 1.34024361e+00
1980.3278 1.34886822e+00
1980.7834 1.33993919e+00
1981.2391 1.32506144e+00
1981.6959 1.35478207e+00
1982.1518 1.38052729e+00
1982.6089 1.38617037e+00
1983.0650 1.40663748e+00
1983.5223 1.45284840e+00
1983.9786 1.43971291e+00
1984.4350 1.41989044e+00
1984.8926 1.41723076e+00
1985.3492 1.41511553e+00
1985.8070 1.40991932e+00
1986.2639 1.45698744e+00
1986.7219 1.50180172e+00
1987.1789 1.48914085e+00
1987.6361 1.45408869e+00
1988.0944 1.43682983e+00
1988.5518 1.42717258e+00
1989.0104 1.42671196e+00
1989.4679 1.44622637e+00
1989.9267 1.48958481e+00
1990.3845 1.47703718e+00
1990.8424 1.45454077e+00
1991.3014 1.45839346e+00
1991.7595 1.50466650e+00
1992.2188 1.45987774e+00
1992.6771 1.46825336e+00
1993.1366 1.48418127e+00
1993.5952 1.44661945e+00
1994.0538 1.35154390e+00
1994.5136 1.35440762e+00
1994.9724 1.36835890e+00
1995.4325 1.36709789e+00
1995.8915 1.39920280e+00
1996.3518 1.39536081e+00
1996.8110 1.39083889e+00
1997.2704 1.37020142e+00
1997.7310 1.39550188e+00
1998.1905 1.38850819e+00
1998.6513 1.39407774e+00
1999.1111 1.40336037e+00
1999.5721 1.42626284e+00
2000.0321 1.38884235e+00
2000.4922 1.43823904e+00
2000.9535 1.47033791e+00
2001.4138 1.48541767e+00
2001.8754 1.47134699e+00
2002.3359 1.53394522e+00
2002.7976 1.46808653e+00
2003.2584 1.47102755e+00
2003.7203 1.48545973e+00
2004.1813 1.45813503e+00
2004.6423 1.44442375e+00
2005.1046 1.46537045e+00
2005.5659 1.45963491e+00
2006.0283 1.45193920e+00
2006.4898 1.48609182e+00
2006.9525 1.47703259e+00
2007.4142 1.46449692e+00
2007.8760 1.45197777e+00
2008.3390 1.42114477e+00
2008.8010 1.42105200e+00
2009.2643 1.39661171e+00
2009.7265 1.38528654e+00
2010.1899 1.40126066e+00
2010.6524 1.40437859e+00
2011.1149 1.43192877e+00
2011.5787 1.39118282e+00
2012.0414 1.41300646e+00
2012.5054 1.40685570e+00
2012.9684 1.38321966e+00
2013.4326 1.36654440e+00
2013.8958 1.42052670e+00
2014.3591 1.41367338e+00
2014.8236 1.44729841e+00
2015.2871 1.49366434e+00
2015.7518 1.45770597e+00
2016.2155 1.46879551e+00
2016.6804 1.46603271e+00
2017.1444 1.39959745e+00
2017.6084 1.40473864e+00
2018.0737 1.40590120e+00
2018.5379 1.37806396e+00
2019.0034 1.36891157e+00
2019.4679 1.38575098e+00
2019.9336 1.37118933e+00
2020.3982 1.38831434e+00
2020.8630 1.39480038e+00
2021.3290 1.39511263e+00
2021.7940 1.40884512e+00
2022.2603 1.41640013e+00
2022.7255 1.40679644e+00
2023.1919 1.39265484e+00
2023.6573 1.38616991e+00
2024.1229 1.37135023e+00
2024.5896 1.37461416e+00
2025.0554 1.39331728e+00
2025.5224 1.41883236e+00
2025.9883 1.45147161e+00
2026.4555 1.50217968e+00
2026.9217 1.49705790e+00
2027.3880 1.46527939e+00
2027.8555 1.43571037e+00
2028.3220 1.38216127e+00
2028.7897 1.38108696e+00
2029.2565 1.36760229e+00
2029.7244 1.39831348e+00
2030.1913 1.41821321e+00
2030.6584 1.41582619e+00
2031.1267 1.36571379e+00
2031.5939 1.38494204e+00
2032.0624 1.37277525e+00
2032.5299 1.34989651e+00
2032.9986 1.37807613e+00
2033.4662 1.39027546e+00
2033.9340 1.38939367e+00
2034.4031 1.34709932e+00
2034.8711 1.33648102e+00
2035.3403 1.34848980e+00
2035.8085 1.33902485e+00
2036.2780 1.31323233e+00
2036.7464 1.34067160e+00
2037.2150 1.39401590e+00
2037.6848 1.37817225e+00
2038.1535 1.37365097e+00
2038.6235 1.38213490e+00
2039.0925 1.39260420e+00
2039.5627 1.34021290e+00
2040.0319 1.36075197e+00
2040.5023 1.34421156e+00
2040.9718 1.34884792e+00
2041.4413 1.34594072e+00
2041.9120 1.36719877e+00
2042.3818 1.33713736e+00
2042.8527 1.36221800e+00
2043.3227 1.32319221e+00
2043.7939 1.31851341e+00
2044.2641 1.32048164e+00
2044.7343 1.32471504e+00
2045.2058 1.30912573e+00
2045.6763 1.34882694e+00
2046.1481 1.37129793e+00
2046.6188 1.36107607e+00
2047.0907 1.36703592e+00
2047.5617 1.36632854e+00
2048.0327 1.35597059e+00
2048.5050 1.35274538e+00
2048.9762 1.33805239e+00
2049.4487 1.31665909e+00
2049.9202 1.35988678e+00
2050.3929 1.34602131e+00
2050.8646 1.31674803e+00
2051.3364 1.32719110e+00
2051.8094 1.35348818e+00
2052.2814 1.30532869e+00
2052.7547 1.33809420e+00
2053.2269 1.34197350e+00
2053.7004 1.33675695e+00
2054.1728 1.29652779e+00
2054.6454 1.32285814e+00
2055.1192 1.33515022e+00
2055.5920 1.37257568e+00
2056.0660 1.41220137e+00
2056.5390 1.46800369e+00
2057.0132 1.49768496e+00
2057.4864 1.49047138e+00
2057.9598 1.45722534e+00
2058.4343 1.44779976e+00
2058.9079 1.44655499e+00
2059.3826 1.39284531e+00
2059.8564 1.37755444e+00
2060.3314 1.38794916e+00
2060.8054 1.38892830e+00
2061.2795 1.37967030e+00
2061.7548 1.40766684e+00
2062.2291 1.39839951e+00
2062.7046 1.37746185e+00
2063.1792 1.34515343e+00
2063.6549 1.29852074e+00
2064.1297 1.29104925e+00
2064.6045 1.30911688e+00
2065.0806 1.32190102e+00
2065.5557 1.34055918e+00
2066.0320 1.39250235e+00
2066.5073 1.39308355e+00
2066.9838 1.37110077e+00
2067.4593 1.36481524e+00
2067.9349 1.37514368e+00
2068.4118 1.35681911e+00
2068.8876 1.35383118e+00
2069.3647 1.36900482e+00
2069.8408 1.38099617e+00
2070.3181 1.38321104e+00
2070.7943 1.37306026e+00
2071.2707 1.42805883e+00
2071.7483 1.42645153e+00
2072.2250 1.45501219e+00
2072.7028 1.41756838e+00
2073.1796 1.44382177e+00
2073.6577 1.40102911e+00
2074.1347 1.37776495e+00
2074.6119 1.38360529e+00
2075.0903 1.38564571e+00
2075.5677 1.32903118e+00
2076.0463 1.33887901e+00
2076.5239 1.36057360e+00
2077.0027 1.33685577e+00
2077.4805 1.33782951e+00
2077.9596 1.37647720e+00
2078.4376 1.35494171e+00
2078.9158 1.37204639e+00
2079.3952 1.39032309e+00
2079.8735 1.38690428e+00
2080.3531 1.41051548e+00
2080.8317 1.39505091e+00
2081.3116 1.40287638e+00
2081.7904 1.34566462e+00
2082.2693 1.37554333e+00
2082.7494 1.33667253e+00
2083.2286 1.36349327e+00
2083.7090 1.33179014e+00
2084.1883 1.37876471e+00
2084.6689 1.39535522e+00
2085.1485 1.39230377e+00
2085.6282 1.37258112e+00
2086.1091 1.37891123e+00
2086.5890 1.35846199e+00
2087.0702 1.32184473e+00
2087.5503 1.30483114e+00
2088.0317 1.33447279e+00
2088.5121 1.35254971e+00
2088.9925 1.34057983e+00
2089.4742 1.34739077e+00
2089.9549 1.38126158e+00
2090.4368 1.35755253e+00
2090.9178 1.36616871e+00
2091.3999 1.38511467e+00
2091.8810 1.38808445e+00
2092.3623 1.39711510e+00
2092.8448 1.39424763e+00
2093.3262 1.36902302e+00
2093.8089 1.35941486e+00
2094.2906 1.35291986e+00
2094.7736 1.36229635e+00
2095.2555 1.35679283e+00
2095.7375 1.36250769e+00
2096.2207 1.37935415e+00
2096.7030 1.39697088e+00
2097.1865 1.36226652e+00
2097.6689 1.36953226e+00
2098.1526 1.33415384e+00
2098.6353 1.31717918e+00
2099.1181 1.29456890e+00
2099.6022 1.30778269e+00
2100.0852 1.29205355e+00
2100.5694 1.30661474e+00
2101.0527 1.29795925e+00
2101.5372 1.29638191e+00
2102.0206 1.29031704e+00
2102.5042 1.30996414e+00
2102.9890 1.32064995e+00
2103.4728 1.31537247e+00
2103.9579 1.33220449e+00
2104.4419 1.34577488e+00
2104.9272 1.32988325e+00
2105.4114 1.32677666e+00
2105.8957 1.34916504e+00
2106.3814 1.37186049e+00
2106.8659 1.38906170e+00
2107.3518 1.41453350e+00
2107.8366 1.42775887e+00
2108.3226 1.43854992e+00
2108.8076 1.45364691e+00
2109.2928 1.43114590e+00
2109.7792 1.38780968e+00
2110.2645 1.37653393e+00
2110.7511 1.32255938e+00
2111.2367 1.28206984e+00
2111.7236 1.28881021e+00
2112.2094 1.29647713e+00
2112.6953 1.30026346e+00
2113.1825 1.34908119e+00
2113.6686 1.32822607e+00
2114.1560 1.30291529e+00
2114.6424 1.32617556e+00
2115.1300 1.46105328e+00
2115.6166 1.38333185e+00
2116.1044 1.32365311e+00
2116.5912 1.52637144e+00
2117.0782 1.59358852e+00
2117.5664 1.48812368e+00
2118.0535 1.53991085e+00
2118.5419 1.64183548e+00
2119.0293 1.41531046e+00
2119.5179 1.30578955e+00
2120.0055 1.25105497e+00
2120.4932 1.25570559e+00
2120.9822 1.23328686e+00
2121.4701 1.30993830e+00
2121.9593 1.36837204e+00
2122.4475 1.35896004e+00
2122.9369 1.36734161e+00
2123.4253 1.41291277e+00
2123.9138 1.37412653e+00
2124.4036 1.35557251e+00
2124.8923 1.37735981e+00
2125.3823 1.36433250e+00
2125.8712 1.29933559e+00
2126.3614 1.27283697e+00
2126.8506 1.27165503e+00
2127.3399 1.30690001e+00
2127.8304 1.33064127e+00
2128.3200 1.34234976e+00
2128.8107 1.37309353e+00
2129.3005 1.38442375e+00
2129.7915 1.34596819e+00
2130.2814 1.33288746e+00
2130.7715 1.34518358e+00
2131.2629 1.36695574e+00
2131.7531 1.34585716e+00
2132.2447 1.33281141e+00
2132.7352 1.31996758e+00
2133.2271 1.30205666e+00
2133.7178 1.27462955e+00
2134.2087 1.30448221e+00
2134.7008 1.30860394e+00
2135.1919 1.32215452e+00
2135.6843 1.33150129e+00
2136.1756 1.33292976e+00
2136.6682 1.29817953e+00
2137.1597 1.32106993e+00
2137.6514 1.32004038e+00
2138.1443 1.27743670e+00
2138.6362 1.26548731e+00
2139.1293 1.26047310e+00
2139.6214 1.22497683e+00
2140.1148 1.19752081e+00
2140.6072 1.26525373e+00
2141.0996 1.26675892e+00
2141.5933 1.27824450e+00
2142.0860 1.29089048e+00
2142.5800 1.30969376e+00
2143.0729 1.28067633e+00
2143.5671 1.29899561e+00
2144.0602 1.27868111e+00
2144.5534 1.29421663e+00
2145.0479 1.28620031e+00
2145.5414 1.24662897e+00
2146.0362 1.22663795e+00
2146.5299 1.27709187e+00
2147.0248 1.25934408e+00
2147.5188 1.27949728e+00
2148.0128 1.32312054e+00
2148.5081 1.30488585e+00
2149.0024 1.29042376e+00
2149.4979 1.29193527e+00
2149.9924 1.29124937e+00
2150.4882 1.29024509e+00
2150.9829 1.33152824e+00
2151.4778 1.33522177e+00
2151.9739 1.33374443e+00
2152.4689 1.30682861e+00
2152.9653 1.31671431e+00
2153.4606 1.27822943e+00
2153.9572 1.22305010e+00
2154.4527 1.18971241e+00
2154.9495 1.19158451e+00
2155.4452 1.22861261e+00
2155.9411 1.28306807e+00
2156.4383 1.34783745e+00
2156.9343 1.40619133e+00
2157.4317 1.41027842e+00
2157.9280 1.38566050e+00
2158.4257 1.37382305e+00
2158.9222 1.34336554e+00
2159.4189 1.35621134e+00
2159.9168 1.39713364e+00
2160.4137 1.37303690e+00
2160.9119 1.36040190e+00
2161.4090 1.33471378e+00
2161.9074 1.34824446e+00
2162.4048 1.32371592e+00
2162.9022 1.34840109e+00
2163.4010 1.34328882e+00
2163.8987 1.37606022e+00
2164.3977 1.34729267e+00
2164.8956 1.31643606e+00
2165.3948 1.27692381e+00
2165.8929 1.23790020e+00
2166.3912 1.21835226e+00
2166.8908 1.21320854e+00
2167.3893 1.21428152e+00
2167.8890 1.21290459e+00
2168.3878 1.29748867e+00
2168.8878 1.32149506e+00
2169.3867 1.30730829e+00
2169.8858 1.29772873e+00
2170.3862 1.31385397e+00
2170.8855 1.29050165e+00
2171.3861 1.29906992e+00
2171.8856 1.29498610e+00
2172.3864 1.31590014e+00
2172.8862 1.32364241e+00
2173.3861 1.30411196e+00
2173.8872 1.30499702e+00
2174.3873 1.33584681e+00
2174.8887 1.37853926e+00
2175.3891 1.36156631e+00
2175.8907 1.37730745e+00
2176.3913 1.34773928e+00
2176.8920 1.32385939e+00
2177.3939 1.29100517e+00
2177.8948 1.30367437e+00
2178.3971 1.27880875e+00
2178.8982 1.30627110e+00
2179.4006 1.31391956e+00
2179.9020 1.31829283e+00
2180.4035 1.28090029e+00
2180.9063 1.27254816e+00
2181.4080 1.25610462e+00
2181.9110 1.27066841e+00
2182.4130 1.27376520e+00
2182.9162 1.28852531e+00
2183.4184 1.29811737e+00
2183.9207 1.32345617e+00
2184.4243 1.27546041e+00
2184.9268 1.30332003e+00
2185.4307 1.27204552e+00
2185.9334 1.27397148e+00
2186.4375 1.24389824e+00
2186.9405 1.29569353e+00
2187.4436 1.26917410e+00
2187.9480 1.32021231e+00
2188.4514 1.28188046e+00
2188.9560 1.27909445e+00
2189.4596 1.27054962e+00
2189.9645 1.24279587e+00
2190.4683 1.26325729e+00
2190.9722 1.29280449e+00
2191.4774 1.29266432e+00
2191.9816 1.23956636e+00
2192.4870 1.30510700e+00
2192.9914 1.29724148e+00
2193.4971 1.29904089e+00
2194.0017 1.30027422e+00
2194.5076 1.31403954e+00
2195.0125 1.24306269e+00
2195.5174 1.20433294e+00
2196.0237 1.24632593e+00
2196.5289 1.24740017e+00
2197.0354 1.27616888e+00
2197.5409 1.31998112e+00
2198.0476 1.35290854e+00
2198.5533 1.31403297e+00
2199.0590 1.29193453e+00
2199.5661 1.27322260e+00
2200.0721 1.25520977e+00
2200.5795 1.23235872e+00
2201.0857 1.21016554e+00
2201.5933 1.23686880e+00
2202.0998 1.22545862e+00
2202.6063 1.26322029e+00
2203.1143 1.26398571e+00
2203.6211 1.24767027e+00
2204.1292 1.23515562e+00
2204.6363 1.25467506e+00
2205.1447 1.18986416e+00
2205.6520 1.17384972e+00
2206.1594 1.22752655e+00
2206.6681 1.27603554e+00
2207.1757 1.24945780e+00
2207.6847 1.29321903e+00
2208.1926 1.28076897e+00
2208.7018 1.25690310e+00
2209.2099 1.19355614e+00
2209.7181 1.22323069e+00
2210.2277 1.20993891e+00
2210.7361 1.23894972e+00
2211.2459 1.25761347e+00
2211.7546 1.29001860e+00
2212.2647 1.25536747e+00
2212.7736 1.26881718e+00
2213.2826 1.26452908e+00
2213.7930 1.23052929e+00
2214.3023 1.22894226e+00
2214.8129 1.24882301e+00
2215.3224 1.19797937e+00
2215.8333 1.19331995e+00
2216.3430 1.21004507e+00
2216.8529 1.19808834e+00
2217.3641 1.20913998e+00
2217.8742 1.21284170e+00
2218.3856 1.20800114e+00
2218.8960 1.19416122e+00
2219.4076 1.16903389e+00
2219.9182 1.16290388e+00
2220.4289 1.18115164e+00
2220.9409 1.17569853e+00
2221.4518 1.18328674e+00
2221.9641 1.19974461e+00
2222.4753 1.20124163e+00
2222.9878 1.22154076e+00
2223.4992 1.27084864e+00
2224.0107 1.26969509e+00
2224.5235 1.25355026e+00
2225.0353 1.27750370e+00
2225.5484 1.26774036e+00
2226.0603 1.23371471e+00
2226.5737 1.22452826e+00
2227.0859 1.24237097e+00
2227.5982 1.20315557e+00
2228.1119 1.19005518e+00
2228.6245 1.20832731e+00
2229.1384 1.23502108e+00
2229.6512 1.25245455e+00
2230.1654 1.24902142e+00
2230.6784 1.25231195e+00
2231.1916 1.22792856e+00
2231.7061 1.24512861e+00
2232.2195 1.22691734e+00
2232.7342 1.26150446e+00
2233.2479 1.21558634e+00
2233.7628 1.24992384e+00
2234.2767 1.18012810e+00
2234.7919 1.10729319e+00
2235.3060 1.15009563e+00
2235.8203 1.16826666e+00
2236.3359 1.13107622e+00
2236.8503 1.20940424e+00
2237.3661 1.30653303e+00
2237.8808 1.25545517e+00
2238.3969 1.24903950e+00
2238.9118 1.25650568e+00
2239.4269 1.22921440e+00
2239.9433 1.19419113e+00
2240.4586 1.18245287e+00
2240.9752 1.21216745e+00
2241.4908 1.18926048e+00
2242.0076 1.20966209e+00
2242.5234 1.17428349e+00
2243.0393 1.16348246e+00
2243.5566 1.12733007e+00
2244.0727 1.12078510e+00
2244.5902 1.10525661e+00
2245.1065 1.10857265e+00
2245.6242 1.10921148e+00
2246.1408 1.15051289e+00
2246.6576 1.15503672e+00
2247.1756 1.12923927e+00
2247.6926 1.20152382e+00
2248.2109 1.21565329e+00
2248.7281 1.22685453e+00
2249.2467 1.22545401e+00
2249.7641 1.25281200e+00
2250.2817 1.20809889e+00
2250.8006 1.18346655e+00
2251.3184 1.16622272e+00
2251.8375 1.19233095e+00
2252.3555 1.15218691e+00
2252.8749 1.13571569e+00
2253.3932 1.15682344e+00
2253.9116 1.15846279e+00
2254.4313 1.15302505e+00
2254.9500 1.17099024e+00
2255.4699 1.16100676e+00
2255.9888 1.17465416e+00
2256.5090 1.19033684e+00
2257.0281 1.19772663e+00
2257.5474 1.23203295e+00
2258.0680 1.29335182e+00
2258.5874 1.29835228e+00
2259.1083 1.26351088e+00
2259.6280 1.20916527e+00
2260.1490 1.19724432e+00
2260.6690 1.18092113e+00
2261.1890 1.14433922e+00
2261.7105 1.15864578e+00
2262.2308 1.21621552e+00
2262.7524 1.15915653e+00
2263.2730 1.15822798e+00
2263.7949 1.17547613e+00
2264.3157 1.19104212e+00
2264.8366 1.19891407e+00
2265.3588 1.22195368e+00
2265.8800 1.22165638e+00
2266.4025 1.25667061e+00
2266.9239 1.24477737e+00
2267.4466 1.20195221e+00
2267.9682 1.21061546e+00
2268.4900 1.17483530e+00
2269.0131 1.12350901e+00
2269.5351 1.15565920e+00
2270.0584 1.19300278e+00
2270.5806 1.20074465e+00
2271.1042 1.21504251e+00
2271.6267 1.21859055e+00
2272.1493 1.18060137e+00
2272.6732 1.15253653e+00
2273.1961 1.13749468e+00
2273.7202 1.15229227e+00
2274.2433 1.11579760e+00
2274.7678 1.14694855e+00
2275.2911 1.16383842e+00
2275.8157 1.17936369e+00
2276.3393 1.16899984e+00
2276.8630 1.20348276e+00
2277.3880 1.19453812e+00
2277.9119 1.20321468e+00
2278.4372 1.19327734e+00
2278.9613 1.22601379e+00
2279.4869 1.26155312e+00
2280.0113 1.25377758e+00
2280.5358 1.23230528e+00
2281.0617 1.24796843e+00
2281.5864 1.23116993e+00
2282.1125 1.20928951e+00
2282.6375 1.18928125e+00
2283.1639 1.17585579e+00
2283.6891 1.13457872e+00
2284.2145 1.11986656e+00
2284.7412 1.11191481e+00
2285.2668 1.09016716e+00
2285.7938 1.10777424e+00
2286.3197 1.14860872e+00
2286.8469 1.13923237e+00
2287.3730 1.14002792e+00
2287.8992 1.16807493e+00
2288.4268 1.18786240e+00
2288.9532 1.17997219e+00
2289.4810 1.19747494e+00
2290.0077 1.23207998e+00
2290.5358 1.22613031e+00
2291.0627 1.18916998e+00
2291.5898 1.19987827e+00
2292.1182 1.19872892e+00
2292.6455 1.15084984e+00
2293.1742 1.16749279e+00
2293.7017 1.16460188e+00
2294.2307 1.14115536e+00
2294.7585 1.17667645e+00
2295.2864 1.20957205e+00
2295.8156 1.20486389e+00
2296.3438 1.23027636e+00
2296.8733 1.26794331e+00
2297.4017 1.27157724e+00
2297.9315 1.25094854e+00
2298.4601 1.21940132e+00
2298.9889 1.21853928e+00
2299.5190 1.19367041e+00
2300.0480 1.18060606e+00
2300.5784 1.21610125e+00
2301.1077 1.22360117e+00
2301.6383 1.22145285e+00
2302.1678 1.22350321e+00
2302.6974 1.21602768e+00
2303.2284 1.21114496e+00
2303.7582 1.23779341e+00
2304.2895 1.22114441e+00
2304.8196 1.22139141e+00
2305.3511 1.22094706e+00
2305.8814 1.19557085e+00
2306.4119 1.18987648e+00
2306.9437 1.22056787e+00
2307.4744 1.20804840e+00
2308.0065 1.18866640e+00
2308.5375 1.21238176e+00
2309.0698 1.18818174e+00
2309.6010 1.19120674e+00
2310.1324 1.20640137e+00
2310.6651 1.20652084e+00
2311.1966 1.19091560e+00
2311.7296 1.22489552e+00
2312.2614 1.24536551e+00
2312.7946 1.26547455e+00
2313.3267 1.25632135e+00
2313.8601 1.25411846e+00
2314.3924 1.26596645e+00
2314.9248 1.24356499e+00
2315.4586 1.22052435e+00
2315.9913 1.25647448e+00
2316.5254 1.27104460e+00
2317.0583 1.24779837e+00
2317.5926 1.25925819e+00
2318.1258 1.25713518e+00
2318.6590 1.23299234e+00
2319.1937 1.24421177e+00
2319.7272 1.26046515e+00
2320.2622 1.23145294e+00
2320.7959 1.24363018e+00
2321.3311 1.27054487e+00
2321.8651 1.22187902e+00
2322.3993 1.21935186e+00
2322.9348 1.22159893e+00
2323.4692 1.21544889e+00
2324.0050 1.19243282e+00
2324.5396 1.23763424e+00
2325.0757 1.24055967e+00
2325.6105 1.26742311e+00
2326.1455 1.25984715e+00
2326.6819 1.26026609e+00
2327.2172 1.25578007e+00
2327.7538 1.24019012e+00
2328.2893 1.23055609e+00
2328.8262 1.24684233e+00
2329.3620 1.24045218e+00
2329.8979 1.23414680e+00
2330.4351 1.26447081e+00
2330.9712 1.25707027e+00
2331.5088 1.25925684e+00
2332.0451 1.28922346e+00
2332.5829 1.26177162e+00
2333.1195 1.23925056e+00
2333.6562 1.25304693e+00
2334.1944 1.23229761e+00
2334.7313 1.19619068e+00
2335.2697 1.20210745e+00
2335.8069 1.17958910e+00
2336.3456 1.12370720e+00
2336.8830 1.11823915e+00
2337.4206 1.14660973e+00
2337.9596 1.16799265e+00
2338.4975 1.18670792e+00
2339.0367 1.24632118e+00
2339.5748 1.27169222e+00
2340.1143 1.25859482e+00
2340.6527 1.20676109e+00
2341.1911 1.19594845e+00
2341.7310 1.20356222e+00
2342.2697 1.19599720e+00
2342.8098 1.20096098e+00
2343.3488 1.22618782e+00
2343.8892 1.24525961e+00
2344.4284 1.20397772e+00
2344.9677 1.19666044e+00
2345.5085 1.19587500e+00
2346.0480 1.20519962e+00
2346.5890 1.20930803e+00
2347.1289 1.22489929e+00
2347.6701 1.21842487e+00
2348.2102 1.20183857e+00
2348.7504 1.20508856e+00
2349.2920 1.18475443e+00
2349.8325 1.15975800e+00
2350.3743 1.15449343e+00
2350.9150 1.18203394e+00
2351.4571 1.18699825e+00
2351.9981 1.18114407e+00
2352.5392 1.18833248e+00
2353.0817 1.15472090e+00
2353.6230 1.16342165e+00
2354.1657 1.17967699e+00
2354.7073 1.15765760e+00
2355.2503 1.16885010e+00
2355.7921 1.21120958e+00
2356.3353 1.17956738e+00
2356.8774 1.15612225e+00
2357.4196 1.17322050e+00
2357.9632 1.15485405e+00
2358.5057 1.13430973e+00
2359.0495 1.13504196e+00
2359.5922 1.13067492e+00
2360.1364 1.14214876e+00
2360.6793 1.13951517e+00
2361.2224 1.15731287e+00
2361.7669 1.14666838e+00
2362.3102 1.13132317e+00
2362.8549 1.14628735e+00
2363.3985 1.18918118e+00
2363.9435 1.19024082e+00
2364.4873 1.21209707e+00
2365.0313 1.23974815e+00
2365.5766 1.21294174e+00
2366.1208 1.19608130e+00
2366.6665 1.19608238e+00
2367.2109 1.19833633e+00
2367.7568 1.22495691e+00
2368.3015 1.23841967e+00
2368.8463 1.18938803e+00
2369.3926 1.20440750e+00
2369.9376 1.19607981e+00
2370.4841 1.15143057e+00
2371.0295 1.14885807e+00
2371.5762 1.20735514e+00
2372.1218 1.18996439e+00
2372.6675 1.18611792e+00
2373.2146 1.21191982e+00
2373.7606 1.21029707e+00
2374.3080 1.19367699e+00
2374.8542 1.21269594e+00
2375.4018 1.21700161e+00
2375.9483 1.22070572e+00
2376.4949 1.21981398e+00
2377.0429 1.21275236e+00
2377.5897 1.17225819e+00
2378.1380 1.16533092e+00
2378.6851 1.16346096e+00
2379.2336 1.15390263e+00
2379.7809 1.16011404e+00
2380.3284 1.19826422e+00
2380.8773 1.19903149e+00
2381.4250 1.17430012e+00
2381.9741 1.18822861e+00
2382.5221 1.19107792e+00
2383.0715 1.17146711e+00
2383.6197 1.17537071e+00
2384.1681 1.20092678e+00
2384.7179 1.18556837e+00
2385.2665 1.22251644e+00
2385.8165 1.23745256e+00
2386.3654 1.24787676e+00
2386.9157 1.22970850e+00
2387.4648 1.24025805e+00
2388.0140 1.20920801e+00
2388.5647 1.20478277e+00
2389.1142 1.18301386e+00
2389.6651 1.16900555e+00
2390.2148 1.17698135e+00
2390.7660 1.19065119e+00
2391.3160 1.19103155e+00
2391.8661 1.20430964e+00
2392.4177 1.22519875e+00
2392.9680 1.21817406e+00
2393.5199 1.19436312e+00
2394.0705 1.20561747e+00
2394.6225 1.19839241e+00
2395.1734 1.21015812e+00
2395.7244 1.22005018e+00
2396.2769 1.23782780e+00
2396.8281 1.24304611e+00
2397.3808 1.27052540e+00
2397.9324 1.26885576e+00
2398.4853 1.26696039e+00
2399.0371 1.24899231e+00
2399.5903 1.22089064e+00
2400.1423 1.21696476e+00
2400.6945 1.22513710e+00
2401.2481 1.24039036e+00
2401.8005 1.26551792e+00
2402.3543 1.28756105e+00
2402.9070 1.31836721e+00
2403.4611 1.28635303e+00
2404.0140 1.24746656e+00
2404.5670 1.23169043e+00
2405.1215 1.21591774e+00
2405.6748 1.16725945e+00
2406.2296 1.20781490e+00
2406.7831 1.24953470e+00
2407.3381 1.24815001e+00
2407.8919 1.26771902e+00
2408.4459 1.28308718e+00
2409.0012 1.24931633e+00
2409.5554 1.23082245e+00
2410.1111 1.22884007e+00
2410.6655 1.20739784e+00
2411.2214 1.19770847e+00
2411.7761 1.20021992e+00
2412.3309 1.20352505e+00
2412.8872 1.19403992e+00
2413.4423 1.20265631e+00
2413.9988 1.21600798e+00
2414.5542 1.24928131e+00
2415.1109 1.24780144e+00
2415.6665 1.26940636e+00
2416.2223 1.27457312e+00
2416.7794 1.25080751e+00
2417.3354 1.22933445e+00
2417.8928 1.23770258e+00
2418.4491 1.23551811e+00
2419.0068 1.22900316e+00
2419.5633 1.26336912e+00
2420.1199 1.24338167e+00
2420.6779 1.21706966e+00
2421.2348 1.20141491e+00
2421.7931 1.20557302e+00
2422.3503 1.18153698e+00
2422.9089 1.18225313e+00
2423.4663 1.18387924e+00
2424.0238 1.19727758e+00
2424.5827 1.17997623e+00
2425.1405 1.16670273e+00
2425.6997 1.18663719e+00
2426.2578 1.18997299e+00
2426.8173 1.18044724e+00
2427.3756 1.21117142e+00
2427.9340 1.20889584e+00
2428.4938 1.21409489e+00
2429.0525 1.21558332e+00
2429.6126 1.20013418e+00
2430.1716 1.16231188e+00
2430.7320 1.16938030e+00
2431.2912 1.14894993e+00
2431.8505 1.17180462e+00
2432.4113 1.19162310e+00
2432.9708 1.21684572e+00
2433.5319 1.24032022e+00
2434.0917 1.23725122e+00
2434.6530 1.19215143e+00
2435.2131 1.17161345e+00
2435.7733 1.16350298e+00
2436.3350 1.15690657e+00
2436.8955 1.16732567e+00
2437.4574 1.18025394e+00
2438.0181 1.18774097e+00
2438.5803 1.16437820e+00
2439.1413 1.15947319e+00
2439.7024 1.15229324e+00
2440.2650 1.16336855e+00
2440.8264 1.15453724e+00
2441.3893 1.15911783e+00
2441.9509 1.13814005e+00
2442.5140 1.12887234e+00
2443.0759 1.11766403e+00
2443.6393 1.12059439e+00
2444.2014 1.12763565e+00
2444.7637 1.13469542e+00
2445.3275 1.14400509e+00
2445.8900 1.16024515e+00
2446.4540 1.17424269e+00
2447.0168 1.17094376e+00
2447.5811 1.18859095e+00
2448.1442 1.19453011e+00
2448.7074 1.17682995e+00
2449.2720 1.15825975e+00
2449.8355 1.13281757e+00
2450.4004 1.10478418e+00
2450.9641 1.07988207e+00
2451.5293 1.08728912e+00
2452.0933 1.12171968e+00
2452.6574 1.16386648e+00
2453.2230 1.16289305e+00
2453.7873 1.17312439e+00
2454.3532 1.17641270e+00
2454.9178 1.15431248e+00
2455.4839 1.12939634e+00
2456.0488 1.11949114e+00
2456.6138 1.11743254e+00
2457.1803 1.09369255e+00
2457.7455 1.08849644e+00
2458.3123 1.12234995e+00
2458.8778 1.14402988e+00
2459.4448 1.13146591e+00
2460.0106 1.16611979e+00
2460.5765 1.14582596e+00
2461.1439 1.12717567e+00
2461.7101 1.12451122e+00
2462.2778 1.15009398e+00
2462.8442 1.15303816e+00
2463.4122 1.17601871e+00
2463.9789 1.17318666e+00
2464.5457 1.18682238e+00
2465.1140 1.19234310e+00
2465.6811 1.17691900e+00
2466.2497 1.18439312e+00
2466.8171 1.18548607e+00
2467.3859 1.16349783e+00
2467.9535 1.16749498e+00
2468.5213 1.16470469e+00
2469.0905 1.15579494e+00
2469.6585 1.15759642e+00
2470.2280 1.16279867e+00
2470.7963 1.13769434e+00
2471.3660 1.13067789e+00
2471.9346 1.14152750e+00
2472.5032 1.11577770e+00
2473.0734 1.09286322e+00
2473.6423 1.09385670e+00
2474.2127 1.09502598e+00
2474.7819 1.07038342e+00
2475.3526 1.09018650e+00
2475.9221 1.10675404e+00
2476.4916 1.10548063e+00
2477.0627 1.11213692e+00
2477.6326 1.13371641e+00
2478.2039 1.14901461e+00
2478.7740 1.13097225e+00
2479.3456 1.12494591e+00
2479.9160 1.11946091e+00
2480.4865 1.10516464e+00
2481.0585 1.07155214e+00
2481.6292 1.09119459e+00
2482.2015 1.09530754e+00
2482.7725 1.09597475e+00
2483.3450 1.10172638e+00
2483.9163 1.13305017e+00
2484.4878 1.13334595e+00
2485.0607 1.10528282e+00
2485.6324 1.10849607e+00
2486.2055 1.12226686e+00
2486.7775 1.10520721e+00
2487.3509 1.08211208e+00
2487.9231 1.09371771e+00
2488.4969 1.07586044e+00
2489.0693 1.03674999e+00
2489.6419 1.04623116e+00
2490.2160 1.07330873e+00
2490.7889 1.08261118e+00
2491.3633 1.09986671e+00
2491.9364 1.11226202e+00
2492.5111 1.13223972e+00
2493.0845 1.12931917e+00
2493.6580 1.16180504e+00
2494.2330 1.13958324e+00
2494.8068 1.14320814e+00
2495.3821 1.08631170e+00
2495.9562 1.06808929e+00
2496.5317 1.02712294e+00
2497.1061 1.04182758e+00
2497.6805 1.04025965e+00
2498.2565 1.05699051e+00
2498.8312 1.05630362e+00
2499.4074 1.05749374e+00
2499.9824 1.05596695e+00
2500.5589 1.07098183e+00
2501.1341 1.08837166e+00
2501.7095 1.10798054e+00
2502.2864 1.13346714e+00
2502.8621 1.13285267e+00
2503.4392 1.12183910e+00
2504.0151 1.10526672e+00
2504.5926 1.09793024e+00
2505.1687 1.09540419e+00
2505.7450 1.10049913e+00
2506.3229 1.10279318e+00
2506.8994 1.11482370e+00
2507.4775 1.10946785e+00
2508.0544 1.09403477e+00
2508.6327 1.09733097e+00
2509.2098 1.08941938e+00
2509.7871 1.07933943e+00
2510.3658 1.08872892e+00
2510.9433 1.10092489e+00
2511.5223 1.10291897e+00
2512.1001 1.09876993e+00
2512.6794 1.08167610e+00
2513.2574 1.06974545e+00
2513.8356 1.05755993e+00
2514.4153 1.04086449e+00
2514.9937 1.02732864e+00
2515.5737 1.04695723e+00
2516.1524 1.04624502e+00
2516.7326 1.05365681e+00
2517.3116 1.02944519e+00
2517.8907 1.05287933e+00
2518.4713 1.04653090e+00
2519.0507 1.05130318e+00
2519.6316 1.05666227e+00
2520.2112 1.10097963e+00
2520.7924 1.09433077e+00
2521.3723 1.07845970e+00
2521.9523 1.08044930e+00
2522.5339 1.07887655e+00
2523.1142 1.07570908e+00
2523.6960 1.08904627e+00
2524.2766 1.11662098e+00
2524.8586 1.09730433e+00
2525.4395 1.07294769e+00
2526.0205 1.07857822e+00
2526.6030 1.07932920e+00
2527.1842 1.07265551e+00
2527.7670 1.08076120e+00
2528.3485 1.08840366e+00
2528.9315 1.08161621e+00
2529.5133 1.04672155e+00
2530.0952 1.04906132e+00
2530.6786 1.04890123e+00
2531.2608 1.08690174e+00
2531.8445 1.08218571e+00
2532.4270 1.09752584e+00
2533.0109 1.08442486e+00
2533.5936 1.10058119e+00
2534.1779 1.06437801e+00
2534.7609 1.05279301e+00
2535.3440 1.05274515e+00
2535.9286 1.06402317e+00
2536.5120 1.05077278e+00
2537.0969 1.05337524e+00
2537.6806 1.06298321e+00
2538.2658 1.05903530e+00
2538.8497 1.05076088e+00
2539.4338 1.06664391e+00
2540.0193 1.08076618e+00
2540.6037 1.09631264e+00
2541.1895 1.11920069e+00
2541.7741 1.12616728e+00
2542.3603 1.11311918e+00
2542.9451 1.11097683e+00
2543.5301 1.08739075e+00
2544.1167 1.07777002e+00
2544.7019 1.09759081e+00
2545.2887 1.07231581e+00
2545.8743 1.05750858e+00
2546.4613 1.04580770e+00
2547.0472 1.03516300e+00
2547.6331 1.01146143e+00
2548.2206 1.05621843e+00
2548.8068 1.06844128e+00
2549.3945 1.10062115e+00
2549.9810 1.11619951e+00
2550.5690 1.12235359e+00
2551.1558 1.10076490e+00
2551.7427 1.10325569e+00
2552.3311 1.09782501e+00
2552.9183 1.09848848e+00
2553.5070 1.11194176e+00
2554.0944 1.12538568e+00
2554.6834 1.11556261e+00
2555.2711 1.10988033e+00
2555.8589 1.11305725e+00
2556.4483 1.11331192e+00
2557.0364 1.11209633e+00
2557.6260 1.12068779e+00
2558.2144 1.11845793e+00
2558.8043 1.11062252e+00
2559.3930 1.10076698e+00
2559.9818 1.08428587e+00
2560.5721 1.07655891e+00
2561.1612 1.07952381e+00
2561.7518 1.07798313e+00
2562.3411 1.06417727e+00
2562.9320 1.08319401e+00
2563.5215 1.07530481e+00
2564.1113 1.06662838e+00
2564.7026 1.06801994e+00
2565.2926 1.06639675e+00
2565.8841 1.07063284e+00
2566.4744 1.07762842e+00
2567.0662 1.07443920e+00
2567.6568 1.08821697e+00
2568.2475 1.10889780e+00
2568.8397 1.09744343e+00
2569.4306 1.10138378e+00
2570.0232 1.10502785e+00
2570.6144 1.09238955e+00
2571.2072 1.08810612e+00
2571.7987 1.08097593e+00
2572.3903 1.07530827e+00
2572.9835 1.07944195e+00
2573.5754 1.07910597e+00
2574.1689 1.06904514e+00
2574.7610 1.09410877e+00
2575.3548 1.06198433e+00
2575.9472 1.03910942e+00
2576.5398 1.03262289e+00
2577.1340 1.04401855e+00
2577.7268 1.03185541e+00
2578.3213 1.06393488e+00
2578.9144 1.06972576e+00
2579.5091 1.06051134e+00
2580.1025 1.03419617e+00
2580.6975 1.02110683e+00
2581.2912 1.01866596e+00
2581.8850 1.01418991e+00
2582.4804 1.00557899e+00
2583.0745 9.98489017e-01
2583.6701 9.96208477e-01
2584.2645 9.91058903e-01
2584.8604 9.93179684e-01
2585.4550 9.98887501e-01
2586.0498 1.00594934e+00
2586.6462 1.00253393e+00
2587.2412 1.00431271e+00
2587.8378 1.02253004e+00
2588.4332 1.04343569e+00
2589.0300 1.04311918e+00
2589.6256 1.04267906e+00
2590.2214 1.05104954e+00
2590.8187 1.04215727e+00
2591.4147 1.02756069e+00
2592.0123 1.05315067e+00
2592.6086 1.06277512e+00
2593.2064 1.06804476e+00
2593.8030 1.05104265e+00
2594.3997 1.07825111e+00
2594.9979 1.02832159e+00
2595.5949 9.93114948e-01
2596.1935 9.92978115e-01
2596.7907 1.01945030e+00
2597.3895 9.92762852e-01
2597.9870 1.03722666e+00
2598.5847 1.07123850e+00
2599.1839 1.05818752e+00
2599.7819 1.04694384e+00
2600.3814 1.06073235e+00
2600.9796 1.05487234e+00
2601.5794 1.04298235e+00
2602.1779 1.04505756e+00
2602.7765 1.04921427e+00
2603.3767 1.02708494e+00
2603.9756 1.01507620e+00
2604.5761 1.03093895e+00
2605.1752 1.03921257e+00
2605.7760 1.01441938e+00
2606.3754 9.94062843e-01
2606.9750 1.00204258e+00
2607.5762 9.88450413e-01
2608.1761 9.58224525e-01
2608.7775 1.00069130e+00
2609.3777 1.04890274e+00
2609.9794 1.01978466e+00
2610.5798 1.03973524e+00
2611.1804 1.06952948e+00
2611.7825 1.05657671e+00
2612.3833 1.04103573e+00
2612.9857 1.05194969e+00
2613.5868 1.04359226e+00
2614.1895 1.05884789e+00
2614.7909 1.07440542e+00
2615.3925 1.08087851e+00
2615.9956 1.10721766e+00
2616.5974 1.08053829e+00
2617.2007 1.05439413e+00
2617.8028 1.01104525e+00
2618.4065 1.02028046e+00
2619.0089 1.01975327e+00
2619.6114 1.03093872e+00
2620.2154 1.03432272e+00
2620.8182 1.04606560e+00
2621.4226 1.02484640e+00
2622.0256 1.00559187e+00
2622.6302 9.84008961e-01
2623.2336 9.73294392e-01
2623.8371 1.00287258e+00
2624.4421 1.01721237e+00
2625.0459 1.02221577e+00
2625.6512 1.04291336e+00
2626.2552 1.06294287e+00
2626.8608 1.06160423e+00
2627.4651 1.05180758e+00
2628.0710 1.05455006e+00
2628.6756 1.05479523e+00
2629.2803 1.04703962e+00
2629.8866 1.03953537e+00
2630.4916 1.04402292e+00
2631.0982 1.05027050e+00
2631.7035 1.07762783e+00
2632.3104 1.09737284e+00
2632.9159 1.10785660e+00
2633.5216 1.11241707e+00
2634.1289 1.11408360e+00
2634.7349 1.10815567e+00
2635.3424 1.09004108e+00
2635.9487 1.08679817e+00
2636.5565 1.04143118e+00
2637.1631 1.03926800e+00
2637.7698 1.01942694e+00
2638.3780 1.00612301e+00
2638.9850 9.93566399e-01
2639.5935 1.02656301e+00
2640.2008 1.03420950e+00
2640.8096 1.05195211e+00
2641.4171 1.06174496e+00
2642.0247 1.06789280e+00
2642.6340 1.08049887e+00
2643.2419 1.06449448e+00
2643.8515 1.04244131e+00
2644.4597 1.03769890e+00
2645.0695 1.03023428e+00
2645.6780 1.02044249e+00
2646.2866 1.04392075e+00
2646.8968 1.06685257e+00
2647.5057 1.05870003e+00
2648.1163 1.04348244e+00
2648.7255 1.04678238e+00
2649.3362 1.01498619e+00
2649.9457 9.74821110e-01
2650.5553 9.78412838e-01
2651.1665 9.79285069e-01
2651.7764 9.63902073e-01
2652.3879 9.79030380e-01
2652.9981 1.00959005e+00
2653.6099 1.01680418e+00
2654.2204 1.00547089e+00
2654.8310 1.00394892e+00
2655.4431 1.00458099e+00
2656.0540 9.94691353e-01
2656.6665 1.00004858e+00
2657.2777 1.01679827e+00
2657.8904 1.01945490e+00
2658.5019 1.00861132e+00
2659.1135 9.98179703e-01
2659.7267 9.90516434e-01
2660.3385 9.79394283e-01
2660.9520 9.74874935e-01
2661.5641 9.76356812e-01
2662.1779 9.87466602e-01
2662.7903 9.86606274e-01
2663.4029 9.84134598e-01
2664.0171 9.95647755e-01
2664.6299 9.82308025e-01
2665.2444 9.88167496e-01
2665.8575 9.82444324e-01
2666.4722 9.88151569e-01
2667.0857 9.85129128e-01
2667.6992 1.00758678e+00
2668.3144 1.00823803e+00
2668.9282 1.02712061e+00
2669.5437 1.02685003e+00
2670.1578 1.03121904e+00
2670.7735 1.03124331e+00
2671.3880 1.02639627e+00
2672.0040 1.02724646e+00
2672.6187 1.03189947e+00
2673.2335 1.00445690e+00
2673.8499 9.90411873e-01
2674.4650 9.93206196e-01
2675.0818 9.61756516e-01
2675.6972 9.48694572e-01
2676.3142 9.73055077e-01
2676.9299 9.80809574e-01
2677.5457 9.67609215e-01
2678.1631 9.75211029e-01
2678.7792 9.76807766e-01
2679.3970 9.54700260e-01
2680.0133 9.44353981e-01
2680.6314 9.65442677e-01
2681.2480 9.71768284e-01
2681.8648 9.63724747e-01
2682.4833 9.85044117e-01
2683.1004 1.00115545e+00
2683.7191 9.96344528e-01
2684.3365 1.01292007e+00
2684.9555 1.03131231e+00
2685.5732 1.00820349e+00
2686.1910 1.00048870e+00
2686.8104 1.00710566e+00
2687.4285 9.83194866e-01
2688.0482 9.85716782e-01
2688.6666 1.01441362e+00
2689.2866 1.02720482e+00
2689.9053 1.00840790e+00
2690.5241 1.00473648e+00
2691.1445 1.01285316e+00
2691.7636 1.01264845e+00
2692.3843 9.96719303e-01
2693.0037 9.81758537e-01
2693.6247 9.99560966e-01
2694.2443 9.93494015e-01
2694.8642 9.86845856e-01
2695.4856 9.82325783e-01
2696.1057 1.00923168e+00
2696.7274 9.81190605e-01
2697.3478 9.72421684e-01
2697.9698 9.71639729e-01
2698.5904 9.67009430e-01
2699.2112 9.60755024e-01
2699.8337 9.65132828e-01
2700.4548 9.82927837e-01
2701.0775 9.74780445e-01
2701.6989 9.92552853e-01
2702.3219 9.82998333e-01
2702.9435 9.88958340e-01
2703.5654 9.56013241e-01
2704.1888 9.71688290e-01
2704.8109 9.72409229e-01
2705.4346 9.60806026e-01
2706.0570 9.51047497e-01
2706.6810 9.52541294e-01
2707.3037 9.47634201e-01
2707.9265 9.24787064e-01
2708.5509 9.36321011e-01
2709.1740 9.45582294e-01
2709.7987 9.48053150e-01
2710.4221 9.38915672e-01
2711.0472 9.47042770e-01
2711.6708 9.56912956e-01
2712.2946 9.85704670e-01
2712.9201 9.91803818e-01
2713.5442 9.94243660e-01
2714.1699 9.99354038e-01
2714.7943 9.94846935e-01
2715.4203 9.72703114e-01
2716.0450 9.68947144e-01
2716.6698 9.65101490e-01
2717.2963 9.44303665e-01
2717.9214 9.41506462e-01
2718.5482 9.42072086e-01
2719.1736 9.67386131e-01
2719.8006 9.65926495e-01
2720.4263 9.76664600e-01
2721.0536 9.73528824e-01
2721.6796 9.67728405e-01
2722.3057 9.30380116e-01
2722.9335 9.19669285e-01
2723.5599 9.04263573e-01
2724.1879 9.09894943e-01
2724.8146 9.21555958e-01
2725.4429 9.29829617e-01
2726.0699 9.46396198e-01
2726.6971 9.63175373e-01
2727.3258 9.70634384e-01
2727.9532 9.54839134e-01
2728.5823 9.62198505e-01
2729.2100 9.62165680e-01
2729.8394 9.63447380e-01
2730.4674 9.66373329e-01
2731.0955 9.80223389e-01
2731.7253 9.76914406e-01
2732.3537 9.76550713e-01
2732.9838 9.85453529e-01
2733.6125 9.76840820e-01
2734.2429 9.49780521e-01
2734.8719 9.55630550e-01
2735.5010 9.44988441e-01
2736.1318 9.35581207e-01
2736.7613 9.43477917e-01
2737.3924 9.53047962e-01
2738.0221 9.38258476e-01
2738.6535 9.45732784e-01
2739.2835 9.45867310e-01
2739.9137 9.32578068e-01
2740.5455 9.27530365e-01
2741.1760 9.42863216e-01
2741.8081 9.44337502e-01
2742.4388 9.45657272e-01
2743.0712 9.56564026e-01
2743.7023 9.68244514e-01
2744.3334 9.60874462e-01
2744.9663 9.44852810e-01
2745.5978 9.60656013e-01
2746.2309 1.00430935e+00
2746.8626 1.03848293e+00
2747.4961 1.03183540e+00
2748.1281 1.05009848e+00
2748.7603 1.04943258e+00
2749.3942 1.00194822e+00
2750.0267 9.43822403e-01
2750.6608 9.38919449e-01
2751.2936 9.33225079e-01
2751.9281 9.09125919e-01
2752.5611 9.10722885e-01
2753.1944 9.62870083e-01
2753.8292 9.65667953e-01
2754.4628 9.60005493e-01
2755.0979 9.91640949e-01
2755.7317 9.77163334e-01
2756.3672 9.46728878e-01
2757.0013 9.47393456e-01
2757.6355 9.64975471e-01
2758.2715 9.58918667e-01
2758.9060 9.65639458e-01
2759.5422 9.58729134e-01
2760.1770 9.86922588e-01
2760.8135 1.02128016e+00
2761.4486 1.01444334e+00
2762.0839 1.01048964e+00
2762.7208 1.02130383e+00
2763.3564 1.00697605e+00
2763.9936 9.55103226e-01
2764.6295 9.46665649e-01
2765.2670 9.36694489e-01
2765.9031 9.20971451e-01
2766.5394 9.08499470e-01
2767.1774 9.07287502e-01
2767.8140 9.15638924e-01
2768.4522 9.24312687e-01
2769.0891 9.34614277e-01
2769.7276 9.69861774e-01
2770.3648 1.00769663e+00
2771.0036 9.91264915e-01
2771.6411 9.89252148e-01
2772.2787 1.01404694e+00
2772.9180 9.95631962e-01
2773.5559 9.67518673e-01
2774.1955 9.84503670e-01
2774.8337 9.70973682e-01
2775.4736 9.47004757e-01
2776.1121 9.35471497e-01
2776.7507 9.23464108e-01
2777.3910 9.30170593e-01
2778.0299 9.46712685e-01
2778.6706 9.35414677e-01
2779.3098 9.34017582e-01
2779.9507 9.47648582e-01
2780.5902 9.54398003e-01
2781.2299 9.75604362e-01
2781.8712 9.82279091e-01
2782.5112 9.85100307e-01
2783.1528 9.80816708e-01
2783.7931 1.00398088e+00
2784.4350 9.98362484e-01
2785.0756 1.01030046e+00
2785.7163 1.06358744e+00
2786.3587 1.09183395e+00
2786.9997 1.08369152e+00
2787.6423 1.10785234e+00
2788.2836 1.10295656e+00
2788.9266 1.07031754e+00
2789.5682 1.05220045e+00
2790.2099 1.03940487e+00
2790.8533 1.01532833e+00
2791.4954 1.02636278e+00
2792.1391 1.03539246e+00
2792.7814 1.04215973e+00
2793.4254 1.03100523e+00
2794.0681 1.05995127e+00
2794.7108 1.09936676e+00
2795.3553 1.10499851e+00
2795.9983 1.12216002e+00
2796.6431 1.15126932e+00
2797.2865 1.14776302e+00
2797.9315 1.14427267e+00
2798.5752 1.15321442e+00
2799.2190 1.15403006e+00
2799.8645 1.15738279e+00
2800.5086 1.16762985e+00
2801.1544 1.17221561e+00
2801.7988 1.17593225e+00
2802.4449 1.17306864e+00
2803.0896 1.15574858e+00
2803.7344 1.14454973e+00
2804.3809 1.12789745e+00
2805.0261 1.10437654e+00
2805.6729 1.09896112e+00
2806.3184 1.08160959e+00
2806.9655 1.07118919e+00
2807.6112 1.07325886e+00
2808.2571 1.08214951e+00
2808.9047 1.08587667e+00
2809.5509 1.09730223e+00
2810.1988 1.10895330e+00
2810.8452 1.09683756e+00
2811.4934 1.07523750e+00
2812.1402 1.05377050e+00
2812.7871 1.06455387e+00
2813.4357 1.01582207e+00
2814.0830 1.01357239e+00
2814.7319 1.01481640e+00
2815.3794 1.00724892e+00
2816.0286 9.78140850e-01
2816.6765 1.00072294e+00
2817.3244 9.67302170e-01
2817.9741 9.63764038e-01
2818.6224 9.61951752e-01
2819.2723 9.82732868e-01
2819.9209 1.00018385e+00
2820.5712 1.02308914e+00
2821.2200 1.02521351e+00
2821.8706 1.01962669e+00
2822.5198 9.93993855e-01
2823.1691 9.78545265e-01
2823.8201 9.83579273e-01
2824.4697 9.81266918e-01
2825.1211 1.00209393e+00
2825.7710 1.00553780e+00
2826.4226 9.97177010e-01
2827.0728 9.90832195e-01
2827.7232 9.93778667e-01
2828.3752 9.75035019e-01
2829.0259 9.73258533e-01
2829.6783 9.77520313e-01
2830.3292 9.70773106e-01
2830.9819 9.68793087e-01
2831.6332 1.00039331e+00
2832.2846 1.00336550e+00
2832.9377 9.89904232e-01
2833.5894 9.86973495e-01
2834.2428 1.00338427e+00
2834.8948 9.91259155e-01
2835.5486 1.01483990e+00
2836.2009 1.01656961e+00
2836.8533 1.01136103e+00
2837.5075 1.00138979e+00
2838.1603 1.00234957e+00
2838.8147 9.86202259e-01
2839.4678 9.92022076e-01
2840.1226 1.00956167e+00
2840.7759 1.00073114e+00
2841.4295 9.77258511e-01
2842.0847 9.67281590e-01
2842.7385 9.48235645e-01
2843.3940 9.34764786e-01
2844.0482 9.42827644e-01
2844.7040 9.55073395e-01
2845.3584 9.58007221e-01
2846.0130 9.58687763e-01
2846.6693 9.61764851e-01
2847.3241 9.56754131e-01
2847.9807 9.48149128e-01
2848.6359 9.67941055e-01
2849.2928 1.00666590e+00
2849.9483 1.02274139e+00
2850.6039 1.00776234e+00
2851.2612 1.01513691e+00
2851.9172 9.89908733e-01
2852.5748 9.78502254e-01
2853.2310 9.60871124e-01
2853.8890 9.72657490e-01
2854.5455 9.81945782e-01
2855.2022 9.92823429e-01
2855.8606 9.84026775e-01
2856.5176 9.97861881e-01
2857.1763 1.01362093e+00
2857.8336 1.00658789e+00
2858.4926 9.91822128e-01
2859.1502 1.01203915e+00
2859.8079 1.00494162e+00
2860.4674 9.99607983e-01
2861.1255 9.81265697e-01
2861.7852 9.98561916e-01
2862.4436 9.70447216e-01
2863.1036 9.74600277e-01
2863.7623 9.52263088e-01
2864.4211 9.45377312e-01
2865.0816 9.16014519e-01
2865.7407 8.98629589e-01
2866.4016 8.98976231e-01
2867.0610 9.19248295e-01
2867.7221 9.43814678e-01
2868.3818 9.66013813e-01
2869.0417 9.81280785e-01
2869.7033 9.65671921e-01
2870.3635 9.67502861e-01
2871.0254 9.75672283e-01
2871.6858 9.61282234e-01
2872.3481 9.48910847e-01
2873.0088 9.81144199e-01
2873.6713 9.71840572e-01
2874.3324 9.70989304e-01
2874.9937 9.84211540e-01
2875.6566 1.01393995e+00
2876.3182 9.81613827e-01
2876.9814 9.75847015e-01
2877.6433 9.57278118e-01
2878.3069 9.46977921e-01
2878.9690 9.30202389e-01
2879.6313 9.30318623e-01
2880.2954 9.37760925e-01
2880.9580 9.31029739e-01
2881.6223 9.29314613e-01
2882.2852 9.18300247e-01
2882.9499 9.55126839e-01
2883.6131 9.13987083e-01
2884.2765 9.34276581e-01
2884.9416 9.30886135e-01
2885.6052 9.23383045e-01
2886.2707 9.11295013e-01
2886.9346 9.50277977e-01
2887.6004 9.23093472e-01
2888.2647 9.26501083e-01
2888.9291 9.17469988e-01
2889.5953 9.08696852e-01
2890.2600 9.02562284e-01
2890.9265 9.02460642e-01
2891.5916 8.93898954e-01
2892.2584 9.48049870e-01
2892.9237 9.06947174e-01
2893.5892 9.12547894e-01
2894.2565 8.85113277e-01
2894.9223 8.97039986e-01
2895.5899 8.39837503e-01
2896.2560 8.75736628e-01
2896.9239 8.65070734e-01
2897.5903 8.95842962e-01
2898.2569 8.81782827e-01
2898.9252 9.01489201e-01
2899.5921 8.74725552e-01
2900.2608 8.66772957e-01
2900.9280 8.78213615e-01
2901.5969 8.88325787e-01
2902.2644 8.89062958e-01
2902.9321 8.95676670e-01
2903.6015 9.00702934e-01
2904.2695 8.92586517e-01
2904.9392 8.97551556e-01
2905.6074 9.22469311e-01
2906.2775 9.51317978e-01
2906.9461 9.45149117e-01
2907.6148 9.56291142e-01
2908.2853 9.48655586e-01
2908.9543 9.34106693e-01
2909.6251 9.13682938e-01
2910.2945 9.09250870e-01
2910.9656 8.90281792e-01
2911.6353 8.89834042e-01
2912.3051 8.91379375e-01
2912.9766 9.00328083e-01
2913.6468 9.03495369e-01
2914.3187 9.05351486e-01
2914.9891 9.00388699e-01
2915.6613 8.84871597e-01
2916.3320 8.64675179e-01
2917.0029 8.84199200e-01
2917.6756 8.98133163e-01
2918.3468 8.89291935e-01
2919.0197 9.03611774e-01
2919.6913 9.07629433e-01
2920.3645 9.15927162e-01
2921.0364 9.02961884e-01
2921.7083 9.11195507e-01
2922.3821 9.15706921e-01
2923.0544 9.18261795e-01
2923.7284 9.06702347e-01
2924.4010 9.23591709e-01
2925.0754 9.47276459e-01
2925.7483 9.55620270e-01
2926.4230 1.01436995e+00
2927.0962 1.00993706e+00
2927.7696 9.91416206e-01
2928.4447 9.88072548e-01
2929.1184 9.83966808e-01
2929.7938 9.04217253e-01
2930.4678 9.13546724e-01
2931.1436 9.55201120e-01
2931.8179 9.66888151e-01
2932.4924 9.75604849e-01
2933.1686 1.01013044e+00
2933.8434 9.81685295e-01
2934.5199 9.82111740e-01
2935.1950 9.56823483e-01
2935.8718 9.54479904e-01
2936.5472 9.39870548e-01
2937.2228 9.66357117e-01
2937.9001 9.33526115e-01
2938.5759 9.23479252e-01
2939.2536 8.93609028e-01
2939.9297 9.10603943e-01
2940.6077 8.98933620e-01
2941.2842 9.29946117e-01
2941.9608 9.44409981e-01
2942.6392 9.62492313e-01
2943.3162 9.53306351e-01
2943.9949 9.47102184e-01
2944.6721 9.19660091e-01
2945.3512 9.21550083e-01
2946.0288 9.16971378e-01
2946.7065 8.99170132e-01
2947.3860 8.93171482e-01
2948.0640 8.95601559e-01
2948.7438 8.94918575e-01
2949.4222 9.03699036e-01
2950.1023 9.19273071e-01
2950.7810 9.37782001e-01
2951.4598 9.17432079e-01
2952.1404 9.12305870e-01
2952.8196 9.17513065e-01
2953.5005 9.14627647e-01
2954.1799 9.23890076e-01
2954.8612 9.05169992e-01
2955.5409 9.07556334e-01
2956.2208 9.05743895e-01
2956.9025 9.06925192e-01
2957.5828 9.26054277e-01
2958.2648 9.50101089e-01
2958.9453 9.49567108e-01
2959.6276 9.24902458e-01
2960.3085 9.26122017e-01
2960.9895 8.93612709e-01
2961.6723 8.79090347e-01
2962.3536 8.57958927e-01
2963.0368 8.52633114e-01
2963.7184 8.82818737e-01
2964.4018 8.97043877e-01
2965.0838 9.20484962e-01
2965.7659 9.21912670e-01
2966.4498 9.49774475e-01
2967.1322 8.88146467e-01
2967.8164 8.73520956e-01
2968.4992 8.91545076e-01
2969.1837 9.07368422e-01
2969.8668 9.19283667e-01
2970.5500 9.36465626e-01
2971.2350 9.24183807e-01
2971.9185 8.84675798e-01
2972.6038 8.88060179e-01
2973.2877 8.56554441e-01
2973.9733 8.63919878e-01
2974.6575 8.90064211e-01
2975.3418 9.01155472e-01
2976.0279 8.66083727e-01
2976.7125 8.60994596e-01
2977.3989 8.79801855e-01
2978.0839 8.58303041e-01
2978.7706 8.86831656e-01
2979.4559 9.19927673e-01
2980.1429 9.66294041e-01
2980.8285 9.55397015e-01
2981.5143 9.75776825e-01
2982.2018 9.16953325e-01
2982.8878 9.24479380e-01
2983.5757 8.87204428e-01
2984.2621 9.18964338e-01
2984.9502 9.06222334e-01
2985.6369 9.62145672e-01
2986.3237 9.77881832e-01
2987.0124 9.90118885e-01
2987.6995 9.74596729e-01
2988.3885 9.75938625e-01
2989.0760 9.63874779e-01
2989.7653 9.61557903e-01
2990.4530 9.71218987e-01
2991.1410 9.33524055e-01
2991.8307 8.97217760e-01
2992.5190 9.09481230e-01
2993.2091 8.54551830e-01
2993.8977 8.30616112e-01
2994.5880 8.57852707e-01
2995.2769 8.86182890e-01
2995.9660 8.82125978e-01
2996.6569 9.08611126e-01
2997.3462 9.12827435e-01
2998.0374 9.02204399e-01
2998.7271 9.01273174e-01
2999.4186 8.78708611e-01
3000.1086 8.95489731e-01
3000.7988 9.02728043e-01
3001.4908 8.91082916e-01
3002.1813 8.99104481e-01
3002.8736 9.45764160e-01
3003.5644 9.54744473e-01
3004.2570 9.16316147e-01
3004.9481 9.12633266e-01
3005.6394 9.11538773e-01
3006.3325 8.60010834e-01
3007.0241 8.17634430e-01
3007.7175 8.20985727e-01
3008.4094 8.10466671e-01
3009.1032 7.70681896e-01
3009.7954 7.83922844e-01
3010.4878 8.18406143e-01
3011.1820 8.36541986e-01
3011.8747 8.79519196e-01
3012.5693 9.06936741e-01
3013.2623 9.05468426e-01
3013.9572 9.09887772e-01
3014.6505 8.82971096e-01
3015.3440 8.52349739e-01
3016.0394 8.69770317e-01
3016.7332 8.69519520e-01
3017.4289 8.32952070e-01
3018.1230 8.44581766e-01
3018.8190 8.50885630e-01
3019.5135 8.31373816e-01
3020.2081 8.10541248e-01
3020.9045 8.36463003e-01
3021.5995 8.67889700e-01
3022.2963 8.78628225e-01
3022.9915 8.87074347e-01
3023.6886 9.20935440e-01
3024.3842 9.27670822e-01
3025.0800 9.16297054e-01
3025.7776 9.22755184e-01
3026.4736 9.37196846e-01
3027.1715 9.46224976e-01
3027.8679 9.39305172e-01
3028.5662 9.24137802e-01
3029.2629 8.98503971e-01
3029.9598 8.79092751e-01
3030.6585 8.46314735e-01
3031.3557 8.33249531e-01
3032.0547 8.37065334e-01
3032.7522 8.60724888e-01
3033.4515 8.61327801e-01
3034.1494 8.76404572e-01
3034.8491 8.78813171e-01
3035.5472 8.79749908e-01
3036.2455 8.62378025e-01
3036.9457 8.53748913e-01
3037.6443 8.44976006e-01
3038.3448 8.47035542e-01
3039.0438 8.74773026e-01
3039.7446 8.96989651e-01
3040.4439 9.01760769e-01
3041.1433 8.96810570e-01
3041.8446 9.01919327e-01
3042.5444 8.57221956e-01
3043.2460 8.23546410e-01
3043.9461 8.28845615e-01
3044.6480 8.13744469e-01
3045.3484 7.79520741e-01
3046.0490 8.35414839e-01
3046.7514 8.42714539e-01
3047.4523 8.36064262e-01
3048.1550 8.52903671e-01
3048.8563 8.85526619e-01
3049.5593 8.42824478e-01
3050.2609 8.42938366e-01
3050.9626 8.42700214e-01
3051.6661 8.36691856e-01
3052.3682 8.16254816e-01
3053.0720 7.93632507e-01
3053.7744 8.08494320e-01
3054.4786 7.89276037e-01
3055.1813 8.08953638e-01
3055.8841 8.21387119e-01
3056.5888 8.58558111e-01
3057.2919 8.47679281e-01
3057.9969 8.86618042e-01
3058.7004 8.54917068e-01
3059.4058 8.64729156e-01
3060.1096 8.53760204e-01
3060.8136 8.47946472e-01
3061.5194 8.42176399e-01
3062.2237 8.56538944e-01
3062.9298 8.40757580e-01
3063.6344 8.43348713e-01
3064.3409 8.45657654e-01
3065.0458 8.22372408e-01
3065.7510 8.27848654e-01
3066.4579 8.22220411e-01
3067.1633 8.11905565e-01
3067.8706 8.05583048e-01
3068.5764 8.04505119e-01
3069.2840 7.91828547e-01
3069.9901 8.10328226e-01
3070.6963 8.36329718e-01
3071.4044 8.44708967e-01
3072.1110 8.63987112e-01
3072.8194 8.80277901e-01
3073.5263 8.92038918e-01
3074.2351 8.85188179e-01
3074.9423 8.86833687e-01
3075.6497 8.88636036e-01
3076.3589 8.85086193e-01
3077.0666 8.45469694e-01
3077.7762 8.28717299e-01
3078.4842 8.46157064e-01
3079.1941 8.12823477e-01
3079.9025 8.09060965e-01
3080.6110 8.12912350e-01
3081.3214 8.27023659e-01
3082.0302 8.04250317e-01
3082.7410 8.03085670e-01
3083.4501 8.19375496e-01
3084.1612 8.43888454e-01
3084.8707 8.22173014e-01
3085.5820 8.27249327e-01
3086.2919 8.67125330e-01
3087.0019 8.33223696e-01
3087.7137 8.20259657e-01
3088.4241 8.29641285e-01
3089.1362 8.29088326e-01
3089.8469 7.91088076e-01
3090.5594 7.76771383e-01
3091.2704 7.67750502e-01
3091.9815 7.86145010e-01
3092.6945 7.83939161e-01
3093.4060 7.95940456e-01
3094.1193 8.40634804e-01
3094.8311 8.46722260e-01
3095.5448 8.49917488e-01
3096.2569 8.60498734e-01
3096.9692 8.69670277e-01
3097.6834 8.62055817e-01
3098.3960 8.69776878e-01
3099.1105 8.39768152e-01
3099.8234 8.13449326e-01
3100.5382 7.95673895e-01
3101.2515 7.86479216e-01
3101.9649 7.88460588e-01
3102.6802 7.90056906e-01
3103.3940 8.15170574e-01
3104.1096 8.24847136e-01
3104.8237 8.31180849e-01
3105.5397 8.16667700e-01
3106.2541 8.19671373e-01
3106.9687 7.88174734e-01
3107.6852 7.97262678e-01
3108.4001 7.86201296e-01
3109.1169 7.73610172e-01
3109.8321 7.90492640e-01
3110.5493 8.21478224e-01
3111.2648 8.00379744e-01
3111.9806 8.12617044e-01
3112.6982 8.38171806e-01
3113.4143 8.41691856e-01
3114.1322 8.51361446e-01
3114.8486 8.83172207e-01
3115.5669 8.90196571e-01
3116.2836 8.73283072e-01
3117.0005 8.52972870e-01
3117.7193 8.32384243e-01
3118.4365 8.05613604e-01
3119.1556 8.09635248e-01
3119.8732 8.16596794e-01
3120.5926 8.26740675e-01
3121.3105 8.07483912e-01
3122.0286 7.98600101e-01
3122.7485 7.92644958e-01
3123.4669 7.88062963e-01
3124.1871 7.96594133e-01
3124.9059 8.02317743e-01
3125.6265 8.11682348e-01
3126.3455 7.89774427e-01
3127.0647 7.89810686e-01
3127.7858 7.65398846e-01
3128.5054 7.70067320e-01
3129.2268 7.89143801e-01
3129.9467 7.87110615e-01
3130.6684 8.03999567e-01
3131.3886 8.29490719e-01
3132.1090 8.40553007e-01
3132.8312 8.21658182e-01
3133.5519 8.43595104e-01
3134.2745 8.17465115e-01
3134.9956 8.13957291e-01
3135.7185 8.17823105e-01
3136.4399 8.28307915e-01
3137.1614 8.25032234e-01
3137.8848 8.23636732e-01
3138.6067 7.97247066e-01
3139.3304 8.03669796e-01
3140.0526 7.69523287e-01
3140.7767 7.98995104e-01
3141.4993 8.59632759e-01
3142.2237 9.28116388e-01
3142.9466 9.06912737e-01
3143.6696 9.21107979e-01
3144.3945 8.75369844e-01
3145.1179 8.54443331e-01
3145.8431 8.14229383e-01
3146.5668 7.84553614e-01
3147.2924 7.96974192e-01
3148.0164 7.92510567e-01
3148.7406 7.76137676e-01
3149.4667 7.82813225e-01
3150.1913 8.08560257e-01
3150.9177 8.09477673e-01
3151.6426 8.15718975e-01
3152.3693 8.53955002e-01
3153.0945 8.18492041e-01
3153.8199 8.32540083e-01
3154.5471 8.15106525e-01
3155.2728 8.10437450e-01
3156.0004 7.62105122e-01
3156.7265 7.53466120e-01
3157.4544 7.39994717e-01
3158.1808 7.68197584e-01
3158.9073 7.74046879e-01
3159.6358 7.81085224e-01
3160.3626 8.05755329e-01
3161.0914 8.35772963e-01
3161.8186 8.29747734e-01
3162.5477 8.48271875e-01
3163.2752 8.43798361e-01
3164.0030 8.11076965e-01
3164.7326 7.62463112e-01
3165.4606 7.30078211e-01
3166.1906 7.95982523e-01
3166.9189 8.29898691e-01
3167.6492 8.58521366e-01
3168.3779 8.77089415e-01
3169.1068 9.44105501e-01
3169.8376 8.99923639e-01
3170.5668 8.53514004e-01
3171.2979 8.68576088e-01
3172.0275 8.56955385e-01
3172.7590 8.03124657e-01
3173.4889 7.57360392e-01
3174.2189 7.75198421e-01
3174.9509 8.00114632e-01
3175.6813 8.01677170e-01
3176.4136 8.19444532e-01
3177.1443 8.29821739e-01
3177.8769 8.22929535e-01
3178.6080 7.84225330e-01
3179.3392 7.99211750e-01
3180.0724 8.12182331e-01
3180.8040 8.37277069e-01
3181.5375 8.44933243e-01
3182.2694 8.25483799e-01
3183.0032 8.26240597e-01
3183.7354 8.08833513e-01
3184.4678 7.85020285e-01
3185.2022 7.51291323e-01
3185.9349 8.27857428e-01
3186.6696 7.57024488e-01
3187.4027 8.08943863e-01
3188.1377 8.04288063e-01
3188.8711 8.33818035e-01
3189.6047 7.78260021e-01
3190.3402 8.62044678e-01
3191.0742 7.95888510e-01
3191.8100 8.09086885e-01
3192.5443 7.97217703e-01
3193.2805 8.24143972e-01
3194.0151 8.30545988e-01
3194.7499 8.61601448e-01
3195.4866 8.57274399e-01
3196.2217 8.54315567e-01
3196.9587 9.08737373e-01
3197.6942 7.59008687e-01
3198.4316 8.48020642e-01
3199.1674 9.03452656e-01
3199.9051 9.31095555e-01
3200.6412 8.59661000e-01
3201.3775 9.77703180e-01
3202.1158 8.66727715e-01
3202.8524 8.08660336e-01
3203.5910 7.72599030e-01
3204.3280 7.88706837e-01
3205.0669 7.48604298e-01
3205.8042 8.40861769e-01
3206.5417 8.18025866e-01
3207.2811 8.64145212e-01
3208.0189 8.24850006e-01
3208.7587 8.65135117e-01
3209.4969 7.69860830e-01
3210.2370 8.12729330e-01
3210.9755 7.74380760e-01
3211.7142 8.25207167e-01
3212.4548 8.60737419e-01
3213.1938 8.76747561e-01
3213.9347 8.38645849e-01
3214.6741 8.35564394e-01
3215.4154 7.99981298e-01
3216.1551 7.68341999e-01
3216.8950 7.52042055e-01
3217.6368 7.73807974e-01
3218.3770 7.81276016e-01
3219.1192 7.63429909e-01
3219.8597 7.64350195e-01
3220.6022 7.61406317e-01
3221.3431 7.40187283e-01
3222.0842 6.82814465e-01
3222.8272 7.12974834e-01
3223.5686 7.17391453e-01
3224.3119 7.41962042e-01
3225.0537 7.54524059e-01
3225.7974 8.41252060e-01
3226.5395 8.59467869e-01
3227.2817 8.19014711e-01
3228.0259 8.26310911e-01
3228.7685 8.17513456e-01
3229.5131 7.85737543e-01
3230.2560 7.49339705e-01
3231.0009 7.93199062e-01
3231.7442 7.94835663e-01
3232.4876 8.05809116e-01
3233.2331 7.92181759e-01
3233.9769 8.14736691e-01
3234.7226 8.25607986e-01
3235.4667 8.27714767e-01
3236.2128 8.19429197e-01
3236.9573 8.35401678e-01
3237.7020 8.31340513e-01
3238.4486 8.19417973e-01
3239.1936 7.94577160e-01
3239.9405 8.08023577e-01
3240.6859 8.13834686e-01
3241.4332 7.63364162e-01
3242.1789 7.74301100e-01
3242.9247 7.55457840e-01
3243.6725 7.69612350e-01
3244.4187 7.62032099e-01
3245.1669 8.09848356e-01
3245.9134 8.14618673e-01
3246.6619 8.62700119e-01
3247.4088 8.40752382e-01
3248.1559 8.47213898e-01
3248.9049 8.11438656e-01
3249.6523 8.07199287e-01
3250.4017 8.02517433e-01
3251.1494 8.15673780e-01
3251.8991 8.15626726e-01
3252.6472 8.37865667e-01
3253.3955 8.51048956e-01
3254.1457 8.29534969e-01
3254.8943 8.03118601e-01
3255.6449 8.18180847e-01
3256.3939 8.31009731e-01
3257.1448 7.87594519e-01
3257.8941 8.06785412e-01
3258.6454 8.36640806e-01
3259.3950 8.36269369e-01
3260.1448 8.14132471e-01
3260.8966 8.46217957e-01
3261.6468 8.20773172e-01
3262.3989 8.30374212e-01
3263.1494 8.23050261e-01
3263.9019 8.18928061e-01
3264.6527 8.09527197e-01
3265.4038 8.06281595e-01
3266.1568 7.81121168e-01
3266.9081 7.53328791e-01
3267.6615 7.46089897e-01
3268.4132 7.44661007e-01
3269.1669 7.71282053e-01
3269.9190 7.97242460e-01
3270.6712 7.84302759e-01
3271.4254 7.65788317e-01
3272.1780 8.05951700e-01
3272.9325 8.46179056e-01
3273.6855 8.23424845e-01
3274.4404 9.23615217e-01
3275.1937 1.02345776e+00
3275.9471 9.87009315e-01
3276.7025 9.21549358e-01
3277.4563 9.36056690e-01
3278.2121 8.95984859e-01
3278.9663 7.95356340e-01
3279.7224 8.13853712e-01
3280.4769 8.01731253e-01
3281.2316 7.76096907e-01
3281.9882 7.43067188e-01
3282.7432 8.22932024e-01
3283.5002 8.09295378e-01
3284.2556 8.52112246e-01
3285.0129 8.77174158e-01
3285.7686 9.08475342e-01
3286.5245 9.29990730e-01
3287.2824 9.36962490e-01
3288.0386 9.45262394e-01
3288.7968 9.78874493e-01
3289.5534 9.77198734e-01
3290.3120 9.61880131e-01
3291.0689 9.41430140e-01
3291.8260 9.75042696e-01
3292.5851 9.59937410e-01
3293.3426 9.83867559e-01
3294.1020 9.84055815e-01
3294.8598 9.72892733e-01
3295.6196 8.92073679e-01
3296.3777 8.23935080e-01
3297.1361 7.76002312e-01
3297.8964 7.22534075e-01
3298.6551 7.16106873e-01
3299.4157 7.69109898e-01
3300.1747 8.14372768e-01
3300.9358 8.41158934e-01
3301.6951 8.44317703e-01
3302.4547 8.73098488e-01
3303.2162 8.18444262e-01
3303.9761 8.02269678e-01
3304.7380 7.92779627e-01
3305.4983 7.69248056e-01
3306.2605 7.37842903e-01
3307.0211 7.75923014e-01
3307.7819 7.67333126e-01
3308.5447 7.37062235e-01
3309.3058 7.55957031e-01
3310.0689 7.89360704e-01
3310.8304 7.07018309e-01
3311.5938 6.90683899e-01
3312.3557 6.80234013e-01
3313.1177 7.11088552e-01
3313.8817 7.08013678e-01
3314.6440 7.55029888e-01
3315.4084 7.97607403e-01
3316.1711 8.13105850e-01
3316.9358 7.67236290e-01
3317.6988 7.65616074e-01
3318.4639 8.03331499e-01
3319.2273 7.89447660e-01
3319.9909 8.05212917e-01
3320.7565 8.32493725e-01
3321.5204 8.28361588e-01
3322.2863 7.82956305e-01
3323.0506 8.21575212e-01
3323.8169 8.75209990e-01
3324.5816 8.90947371e-01
3325.3464 8.97308455e-01
3326.1132 9.69414482e-01
3326.8784 9.28921776e-01
3327.6455 8.33112440e-01
3328.4110 8.05167303e-01
3329.1786 8.00874243e-01
3329.9444 7.15254183e-01
3330.7105 6.92529268e-01
3331.4786 7.30616751e-01
3332.2450 7.31871614e-01
3333.0134 6.85545788e-01
3333.7801 7.13414364e-01
3334.5489 6.66834459e-01
3335.3160 6.92944889e-01
3336.0833 6.66967602e-01
3336.8526 6.75742702e-01
3337.6202 6.90058060e-01
3338.3899 7.37025919e-01
3339.1578 7.08309517e-01
3339.9278 7.27211866e-01
3340.6962 7.50563402e-01
3341.4647 7.35110674e-01
3342.2352 7.77091990e-01
3343.0041 7.70451078e-01
3343.7750 7.59585428e-01
3344.5442 7.19912367e-01
3345.3155 7.01709051e-01
3346.0851 6.57510176e-01
3346.8548 6.53938046e-01
3347.6266 6.44902124e-01
3348.3967 6.78735037e-01
3349.1689 7.12062654e-01
3349.9393 7.72099695e-01
3350.7118 7.89113379e-01
3351.4827 8.13452396e-01
3352.2537 8.29639282e-01
3353.0267 8.56837006e-01
3353.7980 8.46920853e-01
3354.5714 8.62037373e-01
3355.3431 8.53207569e-01
3356.1169 8.29237623e-01
3356.8889 8.39223146e-01
3357.6612 8.11845160e-01
3358.4355 8.07011194e-01
3359.2081 8.40841713e-01
3359.9827 8.13026533e-01
3360.7556 7.58835125e-01
3361.5306 7.06558981e-01
3362.3039 6.66302748e-01
3363.0774 6.51275816e-01
3363.8530 7.18227291e-01
3364.6268 7.30340557e-01
3365.4027 7.76018391e-01
3366.1769 7.67505140e-01
3366.9531 7.52921839e-01
3367.7277 7.53797560e-01
3368.5024 7.63626919e-01
3369.2792 7.34886827e-01
3370.0543 7.75278301e-01
3370.8314 6.99049873e-01
3371.6069 6.38632307e-01
3372.3844 6.57238626e-01
3373.1602 6.57248831e-01
3373.9362 6.51445866e-01
3374.7142 7.34295750e-01
3375.4905 7.65970507e-01
3376.2689 7.03394527e-01
3377.0456 8.62275925e-01
3377.8244 8.15441513e-01
3378.6014 8.28691692e-01
3379.3805 8.57397804e-01
3380.1579 9.14737196e-01
3380.9355 7.64688187e-01
3381.7152 8.35824194e-01
3382.4931 7.83859911e-01
3383.2731 7.85864077e-01
3384.0515 6.84498005e-01
3384.8318 7.83836164e-01
3385.6105 6.95244169e-01
3386.3893 7.63806391e-01
3387.1702 7.08795681e-01
3387.9494 7.59624147e-01
3388.7307 6.55558615e-01
3389.5103 6.81783123e-01
3390.2919 6.42641449e-01
3391.0718 6.04874554e-01
3391.8519 7.04955120e-01
3392.6341 6.15030336e-01
3393.4146 6.99364872e-01
3394.1971 6.85368376e-01
3394.9779 7.52497673e-01
3395.7608 6.94393864e-01
3396.5420 7.72648144e-01
3397.3233 7.94408855e-01
3398.1068 7.50460577e-01
3398.8885 8.68616800e-01
3399.6723 7.99764338e-01
3400.4543 8.25265312e-01
3401.2385 7.43330126e-01
3402.0209 7.82411842e-01
3402.8036 6.54201450e-01
3403.5882 6.97756939e-01
3404.3712 6.97358398e-01
3405.1563 6.84876194e-01
3405.9396 7.00066986e-01
3406.7250 6.92761478e-01
3407.5087 7.05504246e-01
3408.2926 7.07459726e-01
3409.0786 7.66639194e-01
3409.8628 8.38629007e-01
3410.6491 8.59899368e-01
3411.4338 8.38992720e-01
3412.2204 8.36469955e-01
3413.0054 7.72746582e-01
3413.7906 7.32904625e-01
3414.5778 7.75313997e-01
3415.3633 8.35768967e-01
3416.1509 8.59591885e-01
3416.9367 8.33578730e-01
3417.7247 8.26539984e-01
3418.5109 7.44296999e-01
3419.2974 6.71206141e-01
3420.0858 6.60267897e-01
3420.8726 6.91464710e-01
3421.6615 6.61109495e-01
3422.4486 6.86104069e-01
3423.2378 7.27940331e-01
3424.0253 7.20037842e-01
3424.8130 7.32928076e-01
3425.6028 7.63248787e-01
3426.3908 7.53614082e-01
3427.1810 7.00959244e-01
3427.9694 6.87938852e-01
3428.7599 6.50364532e-01
3429.5486 6.20561962e-01
3430.3376 5.96198025e-01
3431.1286 6.28789854e-01
3431.9180 6.18364859e-01
3432.7093 6.90684576e-01
3433.4990 6.71302423e-01
3434.2908 6.85152063e-01
3435.0809 6.59530563e-01
3435.8711 6.88256178e-01
3436.6634 6.55297174e-01
3437.4540 6.92768908e-01
3438.2467 7.21580439e-01
3439.0376 7.31192732e-01
3439.8307 7.28251934e-01
3440.6220 7.24864063e-01
3441.4154 7.24931650e-01
3442.2071 7.18020601e-01
3442.9990 6.99293022e-01
3443.7929 6.65788488e-01
3444.5851 6.54981184e-01
3445.3795 6.57920647e-01
3446.1721 6.58313913e-01
3446.9667 7.17421970e-01
3447.7597 7.30219526e-01
3448.5529 7.48363609e-01
3449.3481 7.27553387e-01
3450.1416 6.76504917e-01
3450.9372 6.53085222e-01
3451.7311 6.75493555e-01
3452.5271 7.16312408e-01
3453.3213 7.58193474e-01
3454.1157 7.81353531e-01
3454.9122 8.22366953e-01
3455.7070 8.07862415e-01
3456.5039 7.72643948e-01
3457.2991 7.03966360e-01
3458.0963 6.98053989e-01
3458.8919 6.22680712e-01
3459.6876 6.48261061e-01
3460.4854 5.97948837e-01
3461.2815 6.33895397e-01
3462.0796 6.97622080e-01
3462.8761 6.83551579e-01
3463.6746 6.36648054e-01
3464.4714 6.66513424e-01
3465.2684 6.79842920e-01
3466.0675 6.42213793e-01
3466.8649 6.88971691e-01
3467.6643 6.97567577e-01
3468.4620 7.09240150e-01
3469.2619 6.82507591e-01
3470.0600 6.91891546e-01
3470.8582 6.33031139e-01
3471.6586 6.77702112e-01
3472.4573 6.58163204e-01
3473.2580 6.87478313e-01
3474.0570 6.81880913e-01
3474.8581 6.77623463e-01
3475.6575 6.75741482e-01
3476.4571 6.96125450e-01
3477.2587 6.88867874e-01
3478.0587 6.77109938e-01
3478.8607 7.43110933e-01
3479.6610 6.77934637e-01
3480.4634 6.36053896e-01
3481.2641 6.13393335e-01
3482.0650 6.35719376e-01
3482.8679 6.33993979e-01
3483.6692 6.53703556e-01
3484.4725 6.64005404e-01
3485.2741 6.73840437e-01
3486.0778 6.88195572e-01
3486.8797 7.19600801e-01
3487.6819 7.39581718e-01
3488.4861 7.05284195e-01
3489.2887 7.17705812e-01
3490.0933 7.13734312e-01
3490.8962 7.26201105e-01
3491.7012 7.43809385e-01
