# # Wavelength(A) Flux_density(10^{-16} erg/s^{-1}/cm^{-2}/A^{-1})
1444.8970 2.23793579e+00
1445.2302 2.21470285e+00
1445.5627 2.38122704e+00
1445.8960 2.41949152e+00
1446.2287 2.29512414e+00
1446.5614 2.18683648e+00
1446.8949 2.20621343e+00
1447.2278 2.30231097e+00
1447.5615 2.38094686e+00
1447.8945 2.46234105e+00
1448.2284 2.54126378e+00
1448.5616 2.57432515e+00
1448.8948 2.53003583e+00
1449.2289 2.50610171e+00
1449.5623 2.56241507e+00
1449.8966 2.65427914e+00
1450.2301 2.67236866e+00
1450.5646 2.67454632e+00
1450.8983 2.65504692e+00
1451.2328 2.58713350e+00
1451.5667 2.58292547e+00
1451.9006 2.53491035e+00
1452.2354 2.42946564e+00
1452.5695 2.46175920e+00
1452.9045 2.56855165e+00
1453.2387 2.62434408e+00
1453.5738 2.65621403e+00
1453.9082 2.66655491e+00
1454.2427 2.64635468e+00
1454.5780 2.62969946e+00
1454.9127 2.63856203e+00
1455.2482 2.65807264e+00
1455.5829 2.66756865e+00
1455.9186 2.65394533e+00
1456.2535 2.65428053e+00
1456.5885 2.58270809e+00
1456.9244 2.52113609e+00
1457.2596 2.54179638e+00
1457.5956 2.58057789e+00
1457.9309 2.60965277e+00
1458.2671 2.64447659e+00
1458.6026 2.59126865e+00
1458.9382 2.70084257e+00
1459.2746 2.76654251e+00
1459.6103 2.70477215e+00
1459.9469 2.67865818e+00
1460.2827 2.68707127e+00
1460.6195 2.65677074e+00
1460.9555 2.60842434e+00
1461.2916 2.55924213e+00
1461.6285 2.56967009e+00
1461.9648 2.61273949e+00
1462.3019 2.58149883e+00
1462.6383 2.51517010e+00
1462.9756 2.49784855e+00
1463.3121 2.45293112e+00
1463.6488 2.39270441e+00
1463.9863 2.37023411e+00
1464.3231 2.33598766e+00
1464.6608 2.32894754e+00
1464.9977 2.35125996e+00
1465.3355 2.37101671e+00
1465.6726 2.42838291e+00
1466.0098 2.43449781e+00
1466.3479 2.48590395e+00
1466.6852 2.56263702e+00
1467.0234 2.59187553e+00
1467.3609 2.62375759e+00
1467.6993 2.68396049e+00
1468.0369 2.69329353e+00
1468.3746 2.66167040e+00
1468.7132 2.63889656e+00
1469.0511 2.59392250e+00
1469.3899 2.55842083e+00
1469.7279 2.41988066e+00
1470.0668 2.38489822e+00
1470.4050 2.46111536e+00
1470.7433 2.41914846e+00
1471.0824 2.35546011e+00
1471.4208 2.37366388e+00
1471.7601 2.30681898e+00
1472.0987 2.33863619e+00
1472.4382 2.27857981e+00
1472.7769 2.31857044e+00
1473.1157 2.41991365e+00
1473.4554 2.41503042e+00
1473.7944 2.37175058e+00
1474.1342 2.40042166e+00
1474.4734 2.39890005e+00
1474.8134 2.38633013e+00
1475.1526 2.46279049e+00
1475.4920 2.46234968e+00
1475.8322 2.46176260e+00
1476.1718 2.43571718e+00
1476.5122 2.42749149e+00
1476.8518 2.46473885e+00
1477.1924 2.47968838e+00
1477.5322 2.45502428e+00
1477.8729 2.49617199e+00
1478.2129 2.43586718e+00
1478.5530 2.41831118e+00
1478.8939 2.40783895e+00
1479.2341 2.44696508e+00
1479.5753 2.48109844e+00
1479.9156 2.47965052e+00
1480.2569 2.45386520e+00
1480.5974 2.45188347e+00
1480.9380 2.49819258e+00
1481.2795 2.51787271e+00
1481.6203 2.57958231e+00
1481.9620 2.55194839e+00
1482.3029 2.55532909e+00
1482.6447 2.57369726e+00
1482.9858 2.55265028e+00
1483.3269 2.60307966e+00
1483.6690 2.64660023e+00
1484.0103 2.59592768e+00
1484.3525 2.57617771e+00
1484.6940 2.54898546e+00
1485.0364 2.55443266e+00
1485.3780 2.54720528e+00
1485.7197 2.54277229e+00
1486.0623 2.55965227e+00
1486.4042 2.58380997e+00
1486.7469 2.53524490e+00
1487.0890 2.51489756e+00
1487.4319 2.57509394e+00
1487.7741 2.57058212e+00
1488.1163 2.54442545e+00
1488.4595 2.51839029e+00
1488.8019 2.53416998e+00
1489.1452 2.52727837e+00
1489.4878 2.49338501e+00
1489.8313 2.50667099e+00
1490.1740 2.55110001e+00
1490.5168 2.53708448e+00
1490.8605 2.47594826e+00
1491.2035 2.48916241e+00
1491.5473 2.54904915e+00
1491.8905 2.54638502e+00
1492.2345 2.47847427e+00
1492.5778 2.49834381e+00
1492.9212 2.53425941e+00
1493.2654 2.54595438e+00
1493.6089 2.56509043e+00
1493.9534 2.60598080e+00
1494.2970 2.65884542e+00
1494.6416 2.69355743e+00
1494.9855 2.63948328e+00
1495.3294 2.67900061e+00
1495.6742 2.77959084e+00
1496.0183 2.74625154e+00
1496.3633 2.67780001e+00
1496.7075 2.65941311e+00
1497.0526 2.65234034e+00
1497.3970 2.62514914e+00
1497.7415 2.57221910e+00
1498.0869 2.51433573e+00
1498.4315 2.57920284e+00
1498.7771 2.58908150e+00
1499.1218 2.50945507e+00
1499.4675 2.53075811e+00
1499.8125 2.55862810e+00
1500.1575 2.53601084e+00
1500.5035 2.49300383e+00
1500.8486 2.48782381e+00
1501.1947 2.51911333e+00
1501.5401 2.48804659e+00
1501.8863 2.36908453e+00
1502.2318 2.27591043e+00
1502.5783 2.24542770e+00
1502.9239 2.21041719e+00
1503.2697 2.17148012e+00
1503.6163 2.14886553e+00
1503.9622 2.14005610e+00
1504.3090 2.13609024e+00
1504.6551 2.13778261e+00
1505.0021 2.14493702e+00
1505.3483 2.18096851e+00
1505.6946 2.25955671e+00
1506.0418 2.35159830e+00
1506.3883 2.41600647e+00
1506.7356 2.40353584e+00
1507.0823 2.39211582e+00
1507.4298 2.36279840e+00
1507.7766 2.29803917e+00
1508.1234 2.27413023e+00
1508.4712 2.30422911e+00
1508.8182 2.27012083e+00
1509.1662 2.20267431e+00
1509.5133 2.14293793e+00
1509.8614 2.07457483e+00
1510.2088 2.12210903e+00
1510.5562 2.13208757e+00
1510.9045 2.16601515e+00
1511.2521 2.24998472e+00
1511.6006 2.26611135e+00
1511.9483 2.24701706e+00
1512.2970 2.27839781e+00
1512.6449 2.32539471e+00
1512.9929 2.35022154e+00
1513.3418 2.40961538e+00
1513.6899 2.39926184e+00
1514.0390 2.41824738e+00
1514.3873 2.41336588e+00
1514.7365 2.39545624e+00
1515.0849 2.42256786e+00
1515.4335 2.40985657e+00
1515.7829 2.38783911e+00
1516.1316 2.35068726e+00
1516.4813 2.35963972e+00
1516.8301 2.29928413e+00
1517.1799 2.29258389e+00
1517.5289 2.29352051e+00
1517.8780 2.27448685e+00
1518.2280 2.27904734e+00
1518.5773 2.29963020e+00
1518.9275 2.31827509e+00
1519.2769 2.37145369e+00
1519.6273 2.40691542e+00
1519.9769 2.40940702e+00
1520.3265 2.43822939e+00
1520.6771 2.45527288e+00
1521.0269 2.44449663e+00
1521.3777 2.46573320e+00
1521.7277 2.46062510e+00
1522.0786 2.42129570e+00
1522.4287 2.42395926e+00
1522.7790 2.38637453e+00
1523.1301 2.38674860e+00
1523.4805 2.38119213e+00
1523.8318 2.35135380e+00
1524.1824 2.35662329e+00
1524.5338 2.33826878e+00
1524.8846 2.36901787e+00
1525.2354 2.39386951e+00
1525.5871 2.35720154e+00
1525.9380 2.32446856e+00
1526.2899 2.33405195e+00
1526.6410 2.31561777e+00
1526.9931 2.29124655e+00
1527.3444 2.33303759e+00
1527.6957 2.26810635e+00
1528.0480 2.29478170e+00
1528.3995 2.23277912e+00
1528.7520 2.19146637e+00
1529.1037 2.23436529e+00
1529.4563 2.25853617e+00
1529.8081 2.32981281e+00
1530.1609 2.39997820e+00
1530.5129 2.43318617e+00
1530.8650 2.39981911e+00
1531.2180 2.40356478e+00
1531.5703 2.39674435e+00
1531.9234 2.43931219e+00
1532.2759 2.42296152e+00
1532.6292 2.40120558e+00
1532.9818 2.41415886e+00
1533.3344 2.34738203e+00
1533.6880 2.29546171e+00
1534.0408 2.26435665e+00
1534.3946 2.29337217e+00
1534.7476 2.34378740e+00
1535.1015 2.34837017e+00
1535.4546 2.31891624e+00
1535.8079 2.33502165e+00
1536.1620 2.33362215e+00
1536.5154 2.31821424e+00
1536.8697 2.32965702e+00
1537.2233 2.29895781e+00
1537.5778 2.29819016e+00
1537.9315 2.26229790e+00
1538.2853 2.22359997e+00
1538.6400 2.22111208e+00
1538.9940 2.21574684e+00
1539.3489 2.21530846e+00
1539.7030 2.25102942e+00
1540.0580 2.30147476e+00
1540.4123 2.31040075e+00
1540.7667 2.30947552e+00
1541.1220 2.34338940e+00
1541.4765 2.35281601e+00
1541.8320 2.36723417e+00
1542.1867 2.36638128e+00
1542.5423 2.37254396e+00
1542.8972 2.36832539e+00
1543.2521 2.36675415e+00
1543.6080 2.33807415e+00
1543.9631 2.30082613e+00
1544.3191 2.30246672e+00
1544.6744 2.29184278e+00
1545.0306 2.26324444e+00
1545.3860 2.25471764e+00
1545.7415 2.23236237e+00
1546.0980 2.22116926e+00
1546.4536 2.22419645e+00
1546.8103 2.19287146e+00
1547.1661 2.16692902e+00
1547.5229 2.15697632e+00
1547.8789 2.13416523e+00
1548.2350 2.09959049e+00
1548.5920 2.11515009e+00
1548.9482 2.13868265e+00
1549.3054 2.10416868e+00
1549.6618 2.09326147e+00
1550.0192 2.05394577e+00
1550.3758 2.04789690e+00
1550.7324 2.00299416e+00
1551.0900 1.98852468e+00
1551.4468 2.00488468e+00
1551.8046 2.00586109e+00
1552.1616 2.00187384e+00
1552.5195 1.97076981e+00
1552.8767 1.99866238e+00
1553.2339 2.00021818e+00
1553.5921 2.02161678e+00
1553.9495 2.01442673e+00
1554.3078 2.03938711e+00
1554.6654 2.05582008e+00
1555.0239 2.05531219e+00
1555.3816 2.05480469e+00
1555.7394 2.05429752e+00
1556.0982 2.05379074e+00
1556.4562 2.05328436e+00
1556.8151 2.05277834e+00
1557.1732 2.05227266e+00
1557.5323 2.05176739e+00
1557.8906 2.05126249e+00
1558.2499 2.05075792e+00
1558.6083 2.05025373e+00
1558.9669 2.04974995e+00
1559.3264 2.04924650e+00
1559.6851 2.04874342e+00
1560.0448 2.04824066e+00
1560.4037 2.04773832e+00
1560.7635 2.04723633e+00
1561.1225 2.04673468e+00
1561.4817 2.04623341e+00
1561.8417 2.04573252e+00
1562.2010 2.04523197e+00
1562.5613 2.04473177e+00
1562.9207 2.04423197e+00
1563.2812 2.04373251e+00
1563.6408 2.04323343e+00
1564.0005 2.04273468e+00
1564.3612 2.04223633e+00
1564.7210 2.04173830e+00
1565.0819 2.04124063e+00
1565.4419 2.04074331e+00
1565.8029 2.04024639e+00
1566.1631 2.03974981e+00
1566.5234 2.03925356e+00
1566.8846 2.03875771e+00
1567.2451 2.03826218e+00
1567.6065 2.03776699e+00
1567.9671 2.03727217e+00
1568.3287 2.03677773e+00
1568.6895 2.03628361e+00
1569.0504 2.03578985e+00
1569.4122 2.03529642e+00
1569.7732 2.03480337e+00
1570.1352 2.03431068e+00
1570.4964 2.03381830e+00
1570.8586 2.03332630e+00
1571.2199 2.03283466e+00
1571.5814 2.03234335e+00
1571.9438 1.99676182e+00
1572.3054 2.01216116e+00
1572.6680 1.98536110e+00
1573.0298 1.95040237e+00
1573.3925 1.92475351e+00
1573.7545 1.89855713e+00
1574.1165 1.87733570e+00
1574.4795 1.86610413e+00
1574.8417 1.88514832e+00
1575.2049 1.89787947e+00
1575.5672 1.90762453e+00
1575.9306 1.89077744e+00
1576.2931 1.92440794e+00
1576.6557 1.94893368e+00
1577.0193 1.96231264e+00
1577.3821 1.98983570e+00
1577.7458 2.00269442e+00
1578.1088 2.01893982e+00
1578.4727 2.00228161e+00
1578.8358 1.97809977e+00
1579.1990 1.97589441e+00
1579.5632 1.95201097e+00
1579.9266 1.94711868e+00
1580.2909 1.95103170e+00
1580.6544 1.98428360e+00
1581.0189 2.00525108e+00
1581.3826 2.00422800e+00
1581.7464 1.97099854e+00
1582.1112 1.95830786e+00
1582.4751 1.94844509e+00
1582.8401 1.98276209e+00
1583.2042 2.01677044e+00
1583.5693 1.99034491e+00
1583.9336 2.00659472e+00
1584.2980 2.00801945e+00
1584.6633 1.99595507e+00
1585.0278 2.00230225e+00
1585.3933 2.05375313e+00
1585.7581 2.06773592e+00
1586.1237 2.08730059e+00
1586.4886 2.07024601e+00
1586.8545 2.06880669e+00
1587.2195 2.10015192e+00
1587.5847 2.08818443e+00
1587.9507 2.08901857e+00
1588.3161 2.08156525e+00
1588.6823 2.07899727e+00
1589.0478 2.08155756e+00
1589.4142 2.07056847e+00
1589.7799 2.09638573e+00
1590.1456 2.12113209e+00
1590.5123 2.12341784e+00
1590.8782 2.10805632e+00
1591.2450 2.08920750e+00
1591.6111 2.04097256e+00
1591.9781 2.01444139e+00
1592.3443 2.02523638e+00
1592.7107 2.00617723e+00
1593.0779 2.00371801e+00
1593.4444 1.98528803e+00
1593.8119 1.94171690e+00
1594.1785 1.90882927e+00
1594.5461 1.93083067e+00
1594.9130 1.93769463e+00
1595.2799 1.96621378e+00
1595.6477 2.00254959e+00
1596.0148 1.97644478e+00
1596.3828 1.95856005e+00
1596.7501 1.92934162e+00
1597.1183 1.91307350e+00
1597.4857 1.94835476e+00
1597.8532 1.96653469e+00
1598.2217 1.96488293e+00
1598.5893 1.97514017e+00
1598.9580 1.97100826e+00
1599.3258 1.96347374e+00
1599.6946 1.97792944e+00
1600.0626 1.98278318e+00
1600.4307 2.02991695e+00
1600.7998 2.04388411e+00
1601.1680 2.02951023e+00
1601.5373 2.02464703e+00
1601.9057 2.06568295e+00
1602.2751 2.07717478e+00
1602.6437 2.06294558e+00
1603.0124 2.04365717e+00
1603.3820 2.03006544e+00
1603.7509 2.02759483e+00
1604.1207 2.04178782e+00
1604.4897 2.05588755e+00
1604.8597 2.04673248e+00
1605.2289 2.05787340e+00
1605.5982 2.01262562e+00
1605.9684 2.00736712e+00
1606.3379 2.06182407e+00
1606.7083 2.08314608e+00
1607.0779 2.12931227e+00
1607.4485 2.13138016e+00
1607.8183 2.11838293e+00
1608.1882 2.11965584e+00
1608.5590 2.13801306e+00
1608.9291 2.12960590e+00
1609.3001 2.10645370e+00
1609.6703 2.11432373e+00
1610.0415 2.06928753e+00
1610.4119 2.07575050e+00
1610.7824 2.08475718e+00
1611.1538 2.09240675e+00
1611.5244 2.10168774e+00
1611.8961 2.09211760e+00
1612.2669 2.11744961e+00
1612.6387 2.18196949e+00
1613.0096 2.23386538e+00
1613.3807 2.21405529e+00
1613.7528 2.20174875e+00
1614.1240 2.18275229e+00
1614.4962 2.13966997e+00
1614.8676 2.14043848e+00
1615.2400 2.13462996e+00
1615.6116 2.11373039e+00
1615.9842 2.06615545e+00
1616.3559 1.98767059e+00
1616.7277 1.95414923e+00
1617.1006 1.96306574e+00
1617.4726 1.96200191e+00
1617.8456 1.95828588e+00
1618.2177 1.96774620e+00
1618.5909 1.97187727e+00
1618.9633 1.95394363e+00
1619.3357 1.98087889e+00
1619.7091 2.01763857e+00
1620.0817 2.04505392e+00
1620.4553 2.04971270e+00
1620.8281 2.04604347e+00
1621.2019 2.05943495e+00
1621.5748 2.07511934e+00
1621.9478 2.08600929e+00
1622.3219 2.10071800e+00
1622.6951 2.11496077e+00
1623.0693 2.05084765e+00
1623.4427 2.03606948e+00
1623.8170 2.01062711e+00
1624.1906 2.03330152e+00
1624.5642 2.04780204e+00
1624.9388 2.05194148e+00
1625.3127 2.05182103e+00
1625.6874 2.03663024e+00
1626.0614 2.00966369e+00
1626.4364 2.00362273e+00
1626.8106 2.05130774e+00
1627.1848 2.04418339e+00
1627.5600 2.07561281e+00
1627.9344 2.04964270e+00
1628.3098 2.05544588e+00
1628.6844 2.06737808e+00
1629.0600 2.06602167e+00
1629.4348 2.08180912e+00
1629.8096 2.09160614e+00
1630.1854 2.09312862e+00
1630.5605 2.09461487e+00
1630.9365 2.10483704e+00
1631.3117 2.10388771e+00
1631.6878 2.10387461e+00
1632.0632 2.11047428e+00
1632.4387 2.11191168e+00
1632.8151 2.10177135e+00
1633.1907 2.09439928e+00
1633.5673 2.08182306e+00
1633.9431 2.06500877e+00
1634.3199 2.05449003e+00
1634.6959 2.06637798e+00
1635.0720 2.07594261e+00
1635.4490 2.09976816e+00
1635.8252 2.11171000e+00
1636.2025 2.10698515e+00
1636.5789 2.11195963e+00
1636.9563 2.12492338e+00
1637.3328 2.15043753e+00
1637.7095 2.15943680e+00
1638.0871 2.16814621e+00
1638.4640 2.16868834e+00
1638.8418 2.14830118e+00
1639.2188 2.10896727e+00
1639.5968 2.05210274e+00
1639.9740 2.05556545e+00
1640.3513 2.08191429e+00
1640.7296 2.06603287e+00
1641.1070 2.05668600e+00
1641.4854 2.04895140e+00
1641.8631 2.05301306e+00
1642.2417 2.05179060e+00
1642.6195 2.05872635e+00
1642.9973 2.08276083e+00
1643.3762 2.13690592e+00
1643.7543 2.12216700e+00
1644.1333 2.08911671e+00
1644.5115 2.10163662e+00
1644.8908 2.11440365e+00
1645.2692 2.13011917e+00
1645.6486 2.11760929e+00
1646.0271 2.10729828e+00
1646.4058 2.12288860e+00
1646.7855 2.08472729e+00
1647.1643 2.04226488e+00
1647.5441 2.03268148e+00
1647.9232 2.05022490e+00
1648.3032 2.05539757e+00
1648.6824 2.03239708e+00
1649.0616 2.03133169e+00
1649.4419 2.02291553e+00
1649.8214 2.01209005e+00
1650.2018 2.00549593e+00
1650.5814 2.01080366e+00
1650.9621 2.02155581e+00
1651.3419 2.03877222e+00
1651.7217 2.01089903e+00
1652.1026 1.98475538e+00
1652.4827 2.02386162e+00
1652.8637 2.03140436e+00
1653.2440 2.05207994e+00
1653.6252 2.05203537e+00
1654.0056 2.05881229e+00
1654.3861 2.11553989e+00
1654.7676 2.10636158e+00
1655.1483 2.06894020e+00
1655.5300 2.10559067e+00
1655.9108 2.15275948e+00
1656.2927 2.10275246e+00
1656.6737 2.06325043e+00
1657.0548 2.06022326e+00
1657.4369 2.07416389e+00
1657.8182 2.05087015e+00
1658.2005 2.02137014e+00
1658.5820 2.02433977e+00
1658.9645 2.05226650e+00
1659.3461 2.02736143e+00
1659.7278 1.97531303e+00
1660.1106 1.99454279e+00
1660.4925 2.03219566e+00
1660.8754 2.00870844e+00
1661.2575 1.98667564e+00
1661.6405 2.00528337e+00
1662.0228 2.00628340e+00
1662.4051 2.01096922e+00
1662.7885 2.03020908e+00
1663.1710 2.02723797e+00
1663.5545 2.03102896e+00
1663.9372 2.05261862e+00
1664.3209 2.04171059e+00
1664.7038 2.04560745e+00
1665.0868 2.05768551e+00
1665.4707 2.02984892e+00
1665.8539 2.01409664e+00
1666.2380 2.01265268e+00
1666.6213 2.01064299e+00
1667.0057 2.01356226e+00
1667.3891 2.04298637e+00
1667.7727 2.01243929e+00
1668.1573 2.02393332e+00
1668.5411 2.04496599e+00
1668.9258 2.03670078e+00
1669.3098 2.04483139e+00
1669.6947 2.04424006e+00
1670.0788 2.02526093e+00
1670.4630 1.98729259e+00
1670.8482 1.98402420e+00
1671.2326 1.98409248e+00
1671.6180 1.96528046e+00
1672.0025 1.96330359e+00
1672.3881 1.94059164e+00
1672.7728 1.95056686e+00
1673.1576 1.94903303e+00
1673.5435 1.95968649e+00
1673.9285 1.98027040e+00
1674.3145 1.98117178e+00
1674.6996 1.97880043e+00
1675.0858 1.93533558e+00
1675.4712 1.93665348e+00
1675.8575 1.93325703e+00
1676.2431 1.93027042e+00
1676.6287 1.93241655e+00
1677.0153 1.91609846e+00
1677.4011 1.89043661e+00
1677.7879 1.91206884e+00
1678.1739 1.94765055e+00
1678.5609 1.93935240e+00
1678.9470 1.94695541e+00
1679.3333 1.98040995e+00
1679.7205 1.98049662e+00
1680.1069 2.00537771e+00
1680.4944 2.01201056e+00
1680.8809 2.02538467e+00
1681.2686 2.02337967e+00
1681.6553 1.99512999e+00
1682.0422 1.98240971e+00
1682.4301 1.97061285e+00
1682.8171 1.95384594e+00
1683.2052 1.92706036e+00
1683.5924 1.91000418e+00
1683.9806 1.91959391e+00
1684.3680 1.90639715e+00
1684.7555 1.87340502e+00
1685.1440 1.87523378e+00
1685.5317 1.87386501e+00
1685.9203 1.86776466e+00
1686.3082 1.88874990e+00
1686.6970 1.89929182e+00
1687.0851 1.90080873e+00
1687.4732 1.91179743e+00
1687.8623 1.91121906e+00
1688.2506 1.89952789e+00
1688.6399 1.95752920e+00
1689.0284 1.97609118e+00
1689.4179 1.97081207e+00
1689.8065 1.96300793e+00
1690.1952 1.93921589e+00
1690.5850 1.93507376e+00
1690.9739 1.92765499e+00
1691.3639 1.91624088e+00
1691.7529 1.90214457e+00
1692.1431 1.89429699e+00
1692.5323 1.84275053e+00
1692.9217 1.82079702e+00
1693.3121 1.82092873e+00
1693.7016 1.81600008e+00
1694.0922 1.81122965e+00
1694.4819 1.83049124e+00
1694.8727 1.86801876e+00
1695.2626 1.87490408e+00
1695.6526 1.85866980e+00
1696.0436 1.87604971e+00
1696.4337 1.89794373e+00
1696.8249 1.91138044e+00
1697.2153 1.91913538e+00
1697.6067 1.93010193e+00
1697.9972 1.94664606e+00
1698.3878 1.93248173e+00
1698.7795 1.92437960e+00
1699.1703 1.90353544e+00
1699.5621 1.89523790e+00
1699.9531 1.86420986e+00
1700.3451 1.86719238e+00
1700.7362 1.86546732e+00
1701.1275 1.84256828e+00
1701.5198 1.84871212e+00
1701.9112 1.89034618e+00
1702.3037 1.88310177e+00
1702.6953 1.84325342e+00
1703.0879 1.86614485e+00
1703.4797 1.86881155e+00
1703.8716 1.88476156e+00
1704.2645 1.88792385e+00
1704.6566 1.89978382e+00
1705.0496 1.94841936e+00
1705.4419 1.95650772e+00
1705.8352 1.94242147e+00
1706.2276 1.94610222e+00
1706.6210 1.97199667e+00
1707.0136 1.98407377e+00
1707.4063 2.01208992e+00
1707.8001 2.03452299e+00
1708.1929 2.03574596e+00
1708.5869 2.03418079e+00
1708.9799 2.00800676e+00
1709.3740 1.99186440e+00
1709.7672 1.99519217e+00
1710.1606 2.04427959e+00
1710.5549 2.03430105e+00
1710.9484 2.02313272e+00
1711.3430 2.03053713e+00
1711.7367 2.04768291e+00
1712.1314 2.06054272e+00
1712.5253 2.06808037e+00
1712.9192 2.06434050e+00
1713.3142 2.05116098e+00
1713.7084 2.02986431e+00
1714.1035 1.96369318e+00
1714.4979 1.92300797e+00
1714.8932 1.90917841e+00
1715.2877 1.89916916e+00
1715.6823 1.85797112e+00
1716.0780 1.82087139e+00
1716.4728 1.76480736e+00
1716.8686 1.76594723e+00
1717.2635 1.73783623e+00
1717.6595 1.73274757e+00
1718.0547 1.75418356e+00
1718.4499 1.80385700e+00
1718.8462 1.79552027e+00
1719.2416 1.80583862e+00
1719.6381 1.84132347e+00
1720.0337 1.84762211e+00
1720.4303 1.87995974e+00
1720.8261 1.88293816e+00
1721.2219 1.92904749e+00
1721.6189 1.94540289e+00
1722.0149 1.95721464e+00
1722.4120 1.94548178e+00
1722.8082 1.99115690e+00
1723.2055 1.97351557e+00
1723.6019 1.95165472e+00
1723.9985 1.99152199e+00
1724.3960 2.00137833e+00
1724.7927 1.99479292e+00
1725.1904 2.03012369e+00
1725.5873 2.03372126e+00
1725.9852 2.00362080e+00
1726.3823 1.99469732e+00
1726.7794 1.97498102e+00
1727.1776 1.96463091e+00
1727.5750 1.94095297e+00
1727.9733 1.90710213e+00
1728.3709 1.89578123e+00
1728.7694 1.90433323e+00
1729.1671 1.85382578e+00
1729.5649 1.83935139e+00
1729.9637 1.83581247e+00
1730.3617 1.89845531e+00
1730.7607 1.88826857e+00
1731.1589 1.88388548e+00
1731.5581 1.89614117e+00
1731.9564 1.88313889e+00
1732.3549 1.90358437e+00
1732.7544 1.88595165e+00
1733.1530 1.89126535e+00
1733.5526 1.89608263e+00
1733.9514 1.93225826e+00
1734.3513 1.89970350e+00
1734.7503 1.88528469e+00
1735.1503 1.91084383e+00
1735.5495 1.90720085e+00
1735.9487 1.93295334e+00
1736.3490 1.91273548e+00
1736.7485 1.96436287e+00
1737.1490 2.00028496e+00
1737.5486 1.98803394e+00
1737.9493 1.98957991e+00
1738.3491 1.97017511e+00
1738.7490 1.96676907e+00
1739.1499 1.92675930e+00
1739.5500 1.92024624e+00
1739.9512 1.91848944e+00
1740.3514 1.92675781e+00
1740.7528 1.86379255e+00
1741.1532 1.83455198e+00
1741.5538 1.83667109e+00
1741.9554 1.81180283e+00
1742.3561 1.81960434e+00
1742.7579 1.83588854e+00
1743.1588 1.86094677e+00
1743.5608 1.87860596e+00
1743.9619 1.85345530e+00
1744.3631 1.83626930e+00
1744.7653 1.83324650e+00
1745.1667 1.83129196e+00
1745.5691 1.81524683e+00
1745.9707 1.81643681e+00
1746.3733 1.80555367e+00
1746.7751 1.79935537e+00
1747.1769 1.80238029e+00
1747.5798 1.79893936e+00
1747.9818 1.82789099e+00
1748.3849 1.88113331e+00
1748.7871 1.90936398e+00
1749.1904 1.88774048e+00
1749.5928 1.89731632e+00
1749.9953 1.87707895e+00
1750.3988 1.86186474e+00
1750.8015 1.88295156e+00
1751.2052 1.87933151e+00
1751.6081 1.88429506e+00
1752.0120 1.88438538e+00
1752.4151 1.84346560e+00
1752.8182 1.83773716e+00
1753.2224 1.86616991e+00
1753.6257 1.87250004e+00
1754.0301 1.88799131e+00
1754.4336 1.89479572e+00
1754.8382 1.87189316e+00
1755.2419 1.86791882e+00
1755.6457 1.86199497e+00
1756.0505 1.83694113e+00
1756.4545 1.82573477e+00
1756.8595 1.86555033e+00
1757.2637 1.88078020e+00
1757.6689 1.87582348e+00
1758.0733 1.88996372e+00
1758.4777 1.86968844e+00
1758.8832 1.86230674e+00
1759.2878 1.86014853e+00
1759.6935 1.85816205e+00
1760.0983 1.85911138e+00
1760.5042 1.86905955e+00
1760.9092 1.82125392e+00
1761.3143 1.77961886e+00
1761.7205 1.76503516e+00
1762.1258 1.74184926e+00
1762.5321 1.75335716e+00
1762.9376 1.75574814e+00
1763.3441 1.77912163e+00
1763.7498 1.81261860e+00
1764.1555 1.81130749e+00
1764.5623 1.79802410e+00
1764.9682 1.80144283e+00
1765.3752 1.82038101e+00
1765.7814 1.85875736e+00
1766.1885 1.88245157e+00
1766.5949 1.88969234e+00
1767.0022 1.89913692e+00
1767.4087 1.88875145e+00
1767.8153 1.85189426e+00
1768.2230 1.86887762e+00
1768.6298 1.90041227e+00
1769.0376 1.89799137e+00
1769.4446 1.90153181e+00
1769.8526 1.88921864e+00
1770.2597 1.87278492e+00
1770.6670 1.88754299e+00
1771.0753 1.86694597e+00
1771.4827 1.84687897e+00
1771.8912 1.84958563e+00
1772.2989 1.81907501e+00
1772.7075 1.81048927e+00
1773.1153 1.82162928e+00
1773.5233 1.81320375e+00
1773.9322 1.80439861e+00
1774.3403 1.81905502e+00
1774.7495 1.78974878e+00
1775.1578 1.80554384e+00
1775.5671 1.82355082e+00
1775.9756 1.83877163e+00
1776.3841 1.86798634e+00
1776.7938 1.86547686e+00
1777.2025 1.86929306e+00
1777.6123 1.86757874e+00
1778.0213 1.87054207e+00
1778.4313 1.89253710e+00
1778.8404 1.92303305e+00
1779.2496 1.93728573e+00
1779.6599 1.93784527e+00
1780.0693 1.93449789e+00
1780.4798 1.92466236e+00
1780.8894 1.93308056e+00
1781.3001 1.93848442e+00
1781.7098 1.92418922e+00
1782.1197 1.91557755e+00
1782.5307 1.89850399e+00
1782.9407 1.91166597e+00
1783.3519 1.91364801e+00
1783.7621 1.92498537e+00
1784.1735 1.93376184e+00
1784.5839 1.94781727e+00
1784.9945 1.93715605e+00
1785.4061 1.91556086e+00
1785.8168 1.94198107e+00
1786.2286 1.95287457e+00
1786.6395 1.94428995e+00
1787.0515 1.94181349e+00
1787.4626 1.91462868e+00
1787.8738 1.83517853e+00
1788.2861 1.82195021e+00
1788.6975 1.81677778e+00
1789.1100 1.82565790e+00
1789.5216 1.82854582e+00
1789.9342 1.79756668e+00
1790.3460 1.82609602e+00
1790.7579 1.83529272e+00
1791.1708 1.82353664e+00
1791.5829 1.82946527e+00
1791.9960 1.89222607e+00
1792.4083 1.88385391e+00
1792.8216 1.86365173e+00
1793.2340 1.84331663e+00
1793.6465 1.83491840e+00
1794.0602 1.86315662e+00
1794.4729 1.84388144e+00
1794.8867 1.82688379e+00
1795.2996 1.82000154e+00
1795.7136 1.80508198e+00
1796.1267 1.79028612e+00
1796.5399 1.77575930e+00
1796.9542 1.78730341e+00
1797.3675 1.79600296e+00
1797.7820 1.80544836e+00
1798.1956 1.79473186e+00
1798.6103 1.76042122e+00
1799.0240 1.76843271e+00
1799.4389 1.74763391e+00
1799.8528 1.76633276e+00
1800.2669 1.77018988e+00
1800.6820 1.77957556e+00
1801.0963 1.78723656e+00
1801.5116 1.77697981e+00
1801.9260 1.77530424e+00
1802.3415 1.78746161e+00
1802.7562 1.81003784e+00
1803.1709 1.81149855e+00
1803.5867 1.82424200e+00
1804.0016 1.83810650e+00
1804.4176 1.84861088e+00
1804.8327 1.86109566e+00
1805.2489 1.85787146e+00
1805.6642 1.87125345e+00
1806.0796 1.86459805e+00
1806.4961 1.84427456e+00
1806.9117 1.84079584e+00
1807.3283 1.83644808e+00
1807.7441 1.85237808e+00
1808.1610 1.82368151e+00
1808.5769 1.82291801e+00
1808.9930 1.83651682e+00
1809.4101 1.85343121e+00
1809.8264 1.85611166e+00
1810.2437 1.85139494e+00
1810.6602 1.84939047e+00
1811.0777 1.84014521e+00
1811.4943 1.83792690e+00
1811.9111 1.83813221e+00
1812.3289 1.86129990e+00
1812.7458 1.85585964e+00
1813.1638 1.85224695e+00
1813.5810 1.85096476e+00
1813.9992 1.81599777e+00
1814.4165 1.82118544e+00
1814.8339 1.85758694e+00
1815.2524 1.84446737e+00
1815.6700 1.85563980e+00
1816.0887 1.83523012e+00
1816.5064 1.80420931e+00
1816.9253 1.79492081e+00
1817.3433 1.78210007e+00
1817.7614 1.78230293e+00
1818.1806 1.80782320e+00
1818.5988 1.80722076e+00
1819.0182 1.78756802e+00
1819.4367 1.81168837e+00
1819.8562 1.80850405e+00
1820.2749 1.82146387e+00
1820.6936 1.83439425e+00
1821.1135 1.83577082e+00
1821.5324 1.82507889e+00
1821.9525 1.79653976e+00
1822.3716 1.78753689e+00
1822.7918 1.77615036e+00
1823.2112 1.75368906e+00
1823.6306 1.73530184e+00
1824.0511 1.74252476e+00
1824.4707 1.75023211e+00
1824.8915 1.74221823e+00
1825.3113 1.75468645e+00
1825.7322 1.76974375e+00
1826.1522 1.78081142e+00
1826.5723 1.77685764e+00
1826.9935 1.77816696e+00
1827.4138 1.78235237e+00
1827.8352 1.79799809e+00
1828.2557 1.78701939e+00
1828.6773 1.77211584e+00
1829.0980 1.78958876e+00
1829.5187 1.77626137e+00
1829.9406 1.77512527e+00
1830.3616 1.78514551e+00
1830.7837 1.78404350e+00
1831.2048 1.80332018e+00
1831.6271 1.79265241e+00
1832.0485 1.77415263e+00
1832.4709 1.77010388e+00
1832.8925 1.77522099e+00
1833.3142 1.80070514e+00
1833.7369 1.82873868e+00
1834.1588 1.83605121e+00
1834.5817 1.82486035e+00
1835.0038 1.85109025e+00
1835.4269 1.85063716e+00
1835.8491 1.87129166e+00
1836.2715 1.91090094e+00
1836.6949 1.89179512e+00
1837.1174 1.88271799e+00
1837.5411 1.85531633e+00
1837.9638 1.83871277e+00
1838.3876 1.80258945e+00
1838.8106 1.79524785e+00
1839.2336 1.77184365e+00
1839.6577 1.78271218e+00
1840.0809 1.75481403e+00
1840.5052 1.74022352e+00
1840.9286 1.76372042e+00
1841.3531 1.75024438e+00
1841.7767 1.75008380e+00
1842.2004 1.74366998e+00
1842.6253 1.76318701e+00
1843.0491 1.77137619e+00
1843.4741 1.76958693e+00
1843.8982 1.75455742e+00
1844.3234 1.79292153e+00
1844.7477 1.78194753e+00
1845.1721 1.76601483e+00
1845.5976 1.76955359e+00
1846.0222 1.76933334e+00
1846.4479 1.77139475e+00
1846.8726 1.76185076e+00
1847.2985 1.73640694e+00
1847.7235 1.72502428e+00
1848.1486 1.69531115e+00
1848.5747 1.66068480e+00
1849.0000 1.69381916e+00
1849.4264 1.71362879e+00
1849.8518 1.73755960e+00
1850.2784 1.73303556e+00
1850.7041 1.72428530e+00
1851.1298 1.73639437e+00
1851.5567 1.72529023e+00
1851.9826 1.74136672e+00
1852.4097 1.76840089e+00
1852.8358 1.78013560e+00
1853.2631 1.75876506e+00
1853.6894 1.76985246e+00
1854.1159 1.76608718e+00
1854.5434 1.77392802e+00
1854.9701 1.77422008e+00
1855.3978 1.77360641e+00
1855.8246 1.82993176e+00
1856.2526 1.82983257e+00
1856.6796 1.82020557e+00
1857.1067 1.83961037e+00
1857.5350 1.81543058e+00
1857.9623 1.79078424e+00
1858.3908 1.79324095e+00
1858.8183 1.77734964e+00
1859.2469 1.78303377e+00
1859.6746 1.77711351e+00
1860.1024 1.75748363e+00
1860.5314 1.75644596e+00
1860.9594 1.74583447e+00
1861.3885 1.73315228e+00
1861.8167 1.72423068e+00
1862.2461 1.72798293e+00
1862.6745 1.71610543e+00
1863.1030 1.72248040e+00
1863.5326 1.71418143e+00
1863.9613 1.71692990e+00
1864.3911 1.70406610e+00
1864.8200 1.70062108e+00
1865.2501 1.70047852e+00
1865.6792 1.69886250e+00
1866.1094 1.70330437e+00
1866.5387 1.71203625e+00
1866.9681 1.71543255e+00
1867.3986 1.70216137e+00
1867.8282 1.69582214e+00
1868.2589 1.70248112e+00
1868.6887 1.70486300e+00
1869.1196 1.69849844e+00
1869.5496 1.71608498e+00
1869.9797 1.71583364e+00
1870.4109 1.72944746e+00
1870.8412 1.73544666e+00
1871.2726 1.74212206e+00
1871.7031 1.75628384e+00
1872.1347 1.76151682e+00
1872.5654 1.74232374e+00
1872.9962 1.74222952e+00
1873.4281 1.75208315e+00
1873.8590 1.74712673e+00
1874.2912 1.74740713e+00
1874.7223 1.74648727e+00
1875.1546 1.73471630e+00
1875.5860 1.73600863e+00
1876.0175 1.75237066e+00
1876.4501 1.73946783e+00
1876.8818 1.75310101e+00
1877.3146 1.74569113e+00
1877.7464 1.74337967e+00
1878.1795 1.72284191e+00
1878.6115 1.71176586e+00
1879.0437 1.72524176e+00
1879.4770 1.70923710e+00
1879.9094 1.67151813e+00
1880.3429 1.65207944e+00
1880.7754 1.67397420e+00
1881.2091 1.67102859e+00
1881.6419 1.66488561e+00
1882.0748 1.68363330e+00
1882.5088 1.70908555e+00
1882.9419 1.70300000e+00
1883.3761 1.69150321e+00
1883.8093 1.68599232e+00
1884.2437 1.70307944e+00
1884.6772 1.68288224e+00
1885.1108 1.65853562e+00
1885.5455 1.63915999e+00
1885.9792 1.64425435e+00
1886.4141 1.62272042e+00
1886.8481 1.61707831e+00
1887.2832 1.62332850e+00
1887.7174 1.62200854e+00
1888.1516 1.63941177e+00
1888.5870 1.64516520e+00
1889.0215 1.67098135e+00
1889.4571 1.69613464e+00
1889.8918 1.71709789e+00
1890.3276 1.72454487e+00
1890.7625 1.73217031e+00
1891.1974 1.72875271e+00
1891.6335 1.72732927e+00
1892.0687 1.73067682e+00
1892.5050 1.72410637e+00
1892.9404 1.72524874e+00
1893.3769 1.71384947e+00
1893.8124 1.71247807e+00
1894.2481 1.70930607e+00
1894.6849 1.70076277e+00
1895.1208 1.67822986e+00
1895.5578 1.68048694e+00
1895.9939 1.69438146e+00
1896.4311 1.68560052e+00
1896.8674 1.67537689e+00
1897.3037 1.67226057e+00
1897.7412 1.64742283e+00
1898.1778 1.65098024e+00
1898.6155 1.65046818e+00
1899.0523 1.65220947e+00
1899.4902 1.66416429e+00
1899.9272 1.66292848e+00
1900.3653 1.64779137e+00
1900.8025 1.64978743e+00
1901.2398 1.66545398e+00
1901.6782 1.67304769e+00
1902.1157 1.69972566e+00
1902.5543 1.68176812e+00
1902.9920 1.66767339e+00
1903.4308 1.68503201e+00
1903.8687 1.67547979e+00
1904.3067 1.67189957e+00
1904.7458 1.67546708e+00
1905.1840 1.67434999e+00
1905.6233 1.65469832e+00
1906.0617 1.63108914e+00
1906.5012 1.59950807e+00
1906.9398 1.61032895e+00
1907.3785 1.62089955e+00
1907.8183 1.59213686e+00
1908.2572 1.59544372e+00
1908.6973 1.58726770e+00
1909.1364 1.59639956e+00
1909.5766 1.59411137e+00
1910.0159 1.61860229e+00
1910.4553 1.64350149e+00
1910.8959 1.66902973e+00
1911.3355 1.66266663e+00
1911.7762 1.66847586e+00
1912.2160 1.67138739e+00
1912.6570 1.67173348e+00
1913.0970 1.67485309e+00
1913.5371 1.65790346e+00
1913.9783 1.65787941e+00
1914.4186 1.64560942e+00
1914.8601 1.62692424e+00
1915.3006 1.61878152e+00
1915.7423 1.61906014e+00
1916.1830 1.58946056e+00
1916.6238 1.57521591e+00
1917.0658 1.55596896e+00
1917.5068 1.55006265e+00
1917.9490 1.54918700e+00
1918.3902 1.53963488e+00
1918.8326 1.53658117e+00
1919.2740 1.53062308e+00
1919.7155 1.52890541e+00
1920.1582 1.51939418e+00
1920.5999 1.53515640e+00
1921.0428 1.54335166e+00
1921.4847 1.55151543e+00
1921.9278 1.54314203e+00
1922.3700 1.54763268e+00
1922.8122 1.55447629e+00
1923.2556 1.55011870e+00
1923.6980 1.56075603e+00
1924.1416 1.56684729e+00
1924.5843 1.56135117e+00
1925.0281 1.55077497e+00
1925.4709 1.54781927e+00
1925.9139 1.55903997e+00
1926.3580 1.57090917e+00
1926.8012 1.56563187e+00
1927.2455 1.54427713e+00
1927.6888 1.54877794e+00
1928.1334 1.52935879e+00
1928.5769 1.52575511e+00
1929.0206 1.52212712e+00
1929.4654 1.53276817e+00
1929.9093 1.55992898e+00
1930.3543 1.54643217e+00
1930.7984 1.54102436e+00
1931.2436 1.53964526e+00
1931.6879 1.53955473e+00
1932.1323 1.52045239e+00
1932.5778 1.53880151e+00
1933.0224 1.55055231e+00
1933.4682 1.54284361e+00
1933.9130 1.53305597e+00
1934.3589 1.50624620e+00
1934.8039 1.51535009e+00
1935.2501 1.50822897e+00
1935.6953 1.50197910e+00
1936.1406 1.52466668e+00
1936.5871 1.53539812e+00
1937.0326 1.54424931e+00
1937.4792 1.54528431e+00
1937.9250 1.54775970e+00
1938.3718 1.55161756e+00
1938.8178 1.56315387e+00
1939.2638 1.56135057e+00
1939.7110 1.57340894e+00
1940.1572 1.57969393e+00
1940.6046 1.55762103e+00
1941.0510 1.56031348e+00
1941.4986 1.54845839e+00
1941.9453 1.51635283e+00
1942.3920 1.51490838e+00
1942.8399 1.49271134e+00
1943.2869 1.48529763e+00
1943.7350 1.47901526e+00
1944.1821 1.47388552e+00
1944.6305 1.49236786e+00
1945.0778 1.50610571e+00
1945.5253 1.49412460e+00
1945.9739 1.49337747e+00
1946.4216 1.51846458e+00
1946.8704 1.52423676e+00
1947.3183 1.53629030e+00
1947.7674 1.52866136e+00
1948.2154 1.53051739e+00
1948.6636 1.53921760e+00
1949.1130 1.52701751e+00
1949.5614 1.51115438e+00
1950.0109 1.50251005e+00
1950.4595 1.50413355e+00
1950.9093 1.49641806e+00
1951.3581 1.48755828e+00
1951.8070 1.47693178e+00
1952.2571 1.46765627e+00
1952.7062 1.46595664e+00
1953.1565 1.44793818e+00
1953.6058 1.43290439e+00
1954.0563 1.44008811e+00
1954.5059 1.45904920e+00
1954.9555 1.45595457e+00
1955.4063 1.44430416e+00
1955.8561 1.45123176e+00
1956.3071 1.47778438e+00
1956.7572 1.47376586e+00
1957.2084 1.46611529e+00
1957.6587 1.48165840e+00
1958.1090 1.49575191e+00
1958.5606 1.51050137e+00
1959.0111 1.50454237e+00
1959.4629 1.49831594e+00
1959.9136 1.50689453e+00
1960.3656 1.50898582e+00
1960.8166 1.48553012e+00
1961.2677 1.47342330e+00
1961.7199 1.46878454e+00
1962.1712 1.44660776e+00
1962.6237 1.43944239e+00
1963.0752 1.43385262e+00
1963.5279 1.41970086e+00
1963.9796 1.40204891e+00
1964.4314 1.40090219e+00
1964.8844 1.39341089e+00
1965.3364 1.39786170e+00
1965.7896 1.42880330e+00
1966.2418 1.42825332e+00
1966.6952 1.42402963e+00
1967.1477 1.41788436e+00
1967.6002 1.40595963e+00
1968.0539 1.40858324e+00
1968.5067 1.40887717e+00
1968.9606 1.41168544e+00
1969.4136 1.42406439e+00
1969.8677 1.41526390e+00
1970.3209 1.39905258e+00
1970.7752 1.41179550e+00
1971.2286 1.42844070e+00
1971.6821 1.42112613e+00
1972.1368 1.41630053e+00
1972.5904 1.43355924e+00
1973.0453 1.45426316e+00
1973.4992 1.45434272e+00
1973.9543 1.45802448e+00
1974.4084 1.47594814e+00
1974.8626 1.48248522e+00
1975.3180 1.47708745e+00
1975.7724 1.47157976e+00
1976.2280 1.46705642e+00
1976.6827 1.46848497e+00
1977.1385 1.45731570e+00
1977.5933 1.44408539e+00
1978.0483 1.41071030e+00
1978.5044 1.38075179e+00
1978.9596 1.37434250e+00
1979.4159 1.37101807e+00
1979.8713 1.36209834e+00
1980.3278 1.35297428e+00
1980.7834 1.36038545e+00
1981.2391 1.36751929e+00
1981.6959 1.37328834e+00
1982.1518 1.38895492e+00
1982.6089 1.39724749e+00
1983.0650 1.40020886e+00
1983.5223 1.40170056e+00
1983.9786 1.41087650e+00
1984.4350 1.43138386e+00
1984.8926 1.44835017e+00
1985.3492 1.46084608e+00
1985.8070 1.45318581e+00
1986.2639 1.43460211e+00
1986.7219 1.42337458e+00
1987.1789 1.44208001e+00
1987.6361 1.46425684e+00
1988.0944 1.46768361e+00
1988.5518 1.47183675e+00
1989.0104 1.45693351e+00
1989.4679 1.44085668e+00
1989.9267 1.44255271e+00
1990.3845 1.47544643e+00
1990.8424 1.47473127e+00
1991.3014 1.47264527e+00
1991.7595 1.46936102e+00
1992.2188 1.45250646e+00
1992.6771 1.42810520e+00
1993.1366 1.40714268e+00
1993.5952 1.41830613e+00
1994.0538 1.42563958e+00
1994.5136 1.42291113e+00
1994.9724 1.37345236e+00
1995.4325 1.37262325e+00
1995.8915 1.36928016e+00
1996.3518 1.38129989e+00
1996.8110 1.39385550e+00
1997.2704 1.39471928e+00
1997.7310 1.39709963e+00
1998.1905 1.39823213e+00
1998.6513 1.39217212e+00
1999.1111 1.41337361e+00
1999.5721 1.43220782e+00
2000.0321 1.44438902e+00
2000.4922 1.44880491e+00
2000.9535 1.46139379e+00
2001.4138 1.45316278e+00
2001.8754 1.47068273e+00
2002.3359 1.48543870e+00
2002.7976 1.46474101e+00
2003.2584 1.48918448e+00
2003.7203 1.46672849e+00
2004.1813 1.46533123e+00
2004.6423 1.46869946e+00
2005.1046 1.47211343e+00
2005.5659 1.46072817e+00
2006.0283 1.46493368e+00
2006.4898 1.45580634e+00
2006.9525 1.43654199e+00
2007.4142 1.45357191e+00
2007.8760 1.43682215e+00
2008.3390 1.42489173e+00
2008.8010 1.42661922e+00
2009.2643 1.41276168e+00
2009.7265 1.42649038e+00
2010.1899 1.39389727e+00
2010.6524 1.39914650e+00
2011.1149 1.40405818e+00
2011.5787 1.39379912e+00
2012.0414 1.39923658e+00
2012.5054 1.40585476e+00
2012.9684 1.41333992e+00
2013.4326 1.42707705e+00
2013.8958 1.43844200e+00
2014.3591 1.41212519e+00
2014.8236 1.44466110e+00
2015.2871 1.43985305e+00
2015.7518 1.42344793e+00
2016.2155 1.44920149e+00
2016.6804 1.43180359e+00
2017.1444 1.42342974e+00
2017.6084 1.41747214e+00
2018.0737 1.39267422e+00
2018.5379 1.38796398e+00
2019.0034 1.39710777e+00
2019.4679 1.38643217e+00
2019.9336 1.38201210e+00
2020.3982 1.39729805e+00
2020.8630 1.39379473e+00
2021.3290 1.39755539e+00
2021.7940 1.39372761e+00
2022.2603 1.39064127e+00
2022.7255 1.39009768e+00
2023.1919 1.39550714e+00
2023.6573 1.40005686e+00
2024.1229 1.40574360e+00
2024.5896 1.41882076e+00
2025.0554 1.43676496e+00
2025.5224 1.43583603e+00
2025.9883 1.42929833e+00
2026.4555 1.42727137e+00
2026.9217 1.41681644e+00
2027.3880 1.44163332e+00
2027.8555 1.43233009e+00
2028.3220 1.43179644e+00
2028.7897 1.42696179e+00
2029.2565 1.39899373e+00
2029.7244 1.37340037e+00
2030.1913 1.37627216e+00
2030.6584 1.38554437e+00
2031.1267 1.38405486e+00
2031.5939 1.39695116e+00
2032.0624 1.37799462e+00
2032.5299 1.38716785e+00
2032.9986 1.35993729e+00
2033.4662 1.34318876e+00
2033.9340 1.36328297e+00
2034.4031 1.36465015e+00
2034.8711 1.35131300e+00
2035.3403 1.34388546e+00
2035.8085 1.36524846e+00
2036.2780 1.36333102e+00
2036.7464 1.35633791e+00
2037.2150 1.34768361e+00
2037.6848 1.36663790e+00
2038.1535 1.36711440e+00
2038.6235 1.36946211e+00
2039.0925 1.35893126e+00
2039.5627 1.36549141e+00
2040.0319 1.36927246e+00
2040.5023 1.35370584e+00
2040.9718 1.34894466e+00
2041.4413 1.35321478e+00
2041.9120 1.33602007e+00
2042.3818 1.33222707e+00
2042.8527 1.34384021e+00
2043.3227 1.33092620e+00
2043.7939 1.33567186e+00
2044.2641 1.33600958e+00
2044.7343 1.34490567e+00
2045.2058 1.34077886e+00
2045.6763 1.34587548e+00
2046.1481 1.33772714e+00
2046.6188 1.35239877e+00
2047.0907 1.36202166e+00
2047.5617 1.34956423e+00
2048.0327 1.34184751e+00
2048.5050 1.36310766e+00
2048.9762 1.35099595e+00
2049.4487 1.33474670e+00
2049.9202 1.33262175e+00
2050.3929 1.33507363e+00
2050.8646 1.33260774e+00
2051.3364 1.34205775e+00
2051.8094 1.32936076e+00
2052.2814 1.33197403e+00
2052.7547 1.32500798e+00
2053.2269 1.31409342e+00
2053.7004 1.33662221e+00
2054.1728 1.35727459e+00
2054.6454 1.37447916e+00
2055.1192 1.38226574e+00
2055.5920 1.41027155e+00
2056.0660 1.41281080e+00
2056.5390 1.41490051e+00
2057.0132 1.43000056e+00
2057.4864 1.45727934e+00
2057.9598 1.44526513e+00
2058.4343 1.43401291e+00
2058.9079 1.42258725e+00
2059.3826 1.41836403e+00
2059.8564 1.41311264e+00
2060.3314 1.40025607e+00
2060.8054 1.38797697e+00
2061.2795 1.38270551e+00
2061.7548 1.36704086e+00
2062.2291 1.33909552e+00
2062.7046 1.34935804e+00
2063.1792 1.35375819e+00
2063.6549 1.34968143e+00
2064.1297 1.34285630e+00
2064.6045 1.34551154e+00
2065.0806 1.34206640e+00
2065.5557 1.34010882e+00
2066.0320 1.34335813e+00
2066.5073 1.35785143e+00
2066.9838 1.37466073e+00
2067.4593 1.37345737e+00
2067.9349 1.37005280e+00
2068.4118 1.37290570e+00
2068.8876 1.37917736e+00
2069.3647 1.36493969e+00
2069.8408 1.39094501e+00
2070.3181 1.39772818e+00
2070.7943 1.41800418e+00
2071.2707 1.40038971e+00
2071.7483 1.40844102e+00
2072.2250 1.41454397e+00
2072.7028 1.40210824e+00
2073.1796 1.41930874e+00
2073.6577 1.40160705e+00
2074.1347 1.38642648e+00
2074.6119 1.36995406e+00
2075.0903 1.36916927e+00
2075.5677 1.36023053e+00
2076.0463 1.36173761e+00
2076.5239 1.35275419e+00
2077.0027 1.34691036e+00
2077.4805 1.36631000e+00
2077.9596 1.36358943e+00
2078.4376 1.36236690e+00
2078.9158 1.39349634e+00
2079.3952 1.37499631e+00
2079.8735 1.38746139e+00
2080.3531 1.36799385e+00
2080.8317 1.38122380e+00
2081.3116 1.37359401e+00
2081.7904 1.37927209e+00
2082.2693 1.36733326e+00
2082.7494 1.36221466e+00
2083.2286 1.38544928e+00
2083.7090 1.36448815e+00
2084.1883 1.36803720e+00
2084.6689 1.35535069e+00
2085.1485 1.36861335e+00
2085.6282 1.35859998e+00
2086.1091 1.34856746e+00
2086.5890 1.35352695e+00
2087.0702 1.36573047e+00
2087.5503 1.34952091e+00
2088.0317 1.33461775e+00
2088.5121 1.34304636e+00
2088.9925 1.34601266e+00
2089.4742 1.35935921e+00
2089.9549 1.36284725e+00
2090.4368 1.36773761e+00
2090.9178 1.38918834e+00
2091.3999 1.37590008e+00
2091.8810 1.36759586e+00
2092.3623 1.37226477e+00
2092.8448 1.37050216e+00
2093.3262 1.37970572e+00
2093.8089 1.37552023e+00
2094.2906 1.36576535e+00
2094.7736 1.36938451e+00
2095.2555 1.37494537e+00
2095.7375 1.36228144e+00
2096.2207 1.36316255e+00
2096.7030 1.34833076e+00
2097.1865 1.34826667e+00
2097.6689 1.34576989e+00
2098.1526 1.33502460e+00
2098.6353 1.33079290e+00
2099.1181 1.32038429e+00
2099.6022 1.30756922e+00
2100.0852 1.29547541e+00
2100.5694 1.29904986e+00
2101.0527 1.30100884e+00
2101.5372 1.31363235e+00
2102.0206 1.30666586e+00
2102.5042 1.31429320e+00
2102.9890 1.31804596e+00
2103.4728 1.31992370e+00
2103.9579 1.32371330e+00
2104.4419 1.33226875e+00
2104.9272 1.35203249e+00
2105.4114 1.36741829e+00
2105.8957 1.37220838e+00
2106.3814 1.37726776e+00
2106.8659 1.39385748e+00
2107.3518 1.41275370e+00
2107.8366 1.41010380e+00
2108.3226 1.40117159e+00
2108.8076 1.40214640e+00
2109.2928 1.38055465e+00
2109.7792 1.36785837e+00
2110.2645 1.35997806e+00
2110.7511 1.34214340e+00
2111.2367 1.33839869e+00
2111.7236 1.33582028e+00
2112.2094 1.30514795e+00
2112.6953 1.29586275e+00
2113.1825 1.31132634e+00
2113.6686 1.38065837e+00
2114.1560 1.36620652e+00
2114.6424 1.32593959e+00
2115.1300 1.41464336e+00
2115.6166 1.45988204e+00
2116.1044 1.47458848e+00
2116.5912 1.46162135e+00
2117.0782 1.48274429e+00
2117.5664 1.47084095e+00
2118.0535 1.44968904e+00
2118.5419 1.36958933e+00
2119.0293 1.39780822e+00
2119.5179 1.43756117e+00
2120.0055 1.36262438e+00
2120.4932 1.33708079e+00
2120.9822 1.30500751e+00
2121.4701 1.31152360e+00
2121.9593 1.32309981e+00
2122.4475 1.34203241e+00
2122.9369 1.36197227e+00
2123.4253 1.36815992e+00
2123.9138 1.36583706e+00
2124.4036 1.35612418e+00
2124.8923 1.32348175e+00
2125.3823 1.31361377e+00
2125.8712 1.34212991e+00
2126.3614 1.34748689e+00
2126.8506 1.32084268e+00
2127.3399 1.32296525e+00
2127.8304 1.32803939e+00
2128.3200 1.32643410e+00
2128.8107 1.33176436e+00
2129.3005 1.34376667e+00
2129.7915 1.37002463e+00
2130.2814 1.36514046e+00
2130.7715 1.33938980e+00
2131.2629 1.32642752e+00
2131.7531 1.32362012e+00
2132.2447 1.32079265e+00
2132.7352 1.32516969e+00
2133.2271 1.32070767e+00
2133.7178 1.32106105e+00
2134.2087 1.31677897e+00
2134.7008 1.30377966e+00
2135.1919 1.30133087e+00
2135.6843 1.31483693e+00
2136.1756 1.32109745e+00
2136.6682 1.30446899e+00
2137.1597 1.29920854e+00
2137.6514 1.27932631e+00
2138.1443 1.27302338e+00
2138.6362 1.25878059e+00
2139.1293 1.27134521e+00
2139.6214 1.26612311e+00
2140.1148 1.26935880e+00
2140.6072 1.25793365e+00
2141.0996 1.25360728e+00
2141.5933 1.27296503e+00
2142.0860 1.28287726e+00
2142.5800 1.27846280e+00
2143.0729 1.29255356e+00
2143.5671 1.29794703e+00
2144.0602 1.26365265e+00
2144.5534 1.26281678e+00
2145.0479 1.27788649e+00
2145.5414 1.27678036e+00
2146.0362 1.28284880e+00
2146.5299 1.28487475e+00
2147.0248 1.26576190e+00
2147.5188 1.28375781e+00
2148.0128 1.27563968e+00
2148.5081 1.28537333e+00
2149.0024 1.30668282e+00
2149.4979 1.31820704e+00
2149.9924 1.31282276e+00
2150.4882 1.31283985e+00
2150.9829 1.29903899e+00
2151.4778 1.30347970e+00
2151.9739 1.30487884e+00
2152.4689 1.27913593e+00
2152.9653 1.26172842e+00
2153.4606 1.24920656e+00
2153.9572 1.27266346e+00
2154.4527 1.28064875e+00
2154.9495 1.28544377e+00
2155.4452 1.29795187e+00
2155.9411 1.30093146e+00
2156.4383 1.30713655e+00
2156.9343 1.32844556e+00
2157.4317 1.34560149e+00
2157.9280 1.38120133e+00
2158.4257 1.40370603e+00
2158.9222 1.37934870e+00
2159.4189 1.36711247e+00
2159.9168 1.33903966e+00
2160.4137 1.35222790e+00
2160.9119 1.36042478e+00
2161.4090 1.36071899e+00
2161.9074 1.35184536e+00
2162.4048 1.35538700e+00
2162.9022 1.34776856e+00
2163.4010 1.32007599e+00
2163.8987 1.31266245e+00
2164.3977 1.29059451e+00
2164.8956 1.29720624e+00
2165.3948 1.28025061e+00
2165.8929 1.26535879e+00
2166.3912 1.24491420e+00
2166.8908 1.26769444e+00
2167.3893 1.26992366e+00
2167.8890 1.26025842e+00
2168.3878 1.25600513e+00
2168.8878 1.26337928e+00
2169.3867 1.29399516e+00
2169.8858 1.31028249e+00
2170.3862 1.30114719e+00
2170.8855 1.30681443e+00
2171.3861 1.31874819e+00
2171.8856 1.29730680e+00
2172.3864 1.30203347e+00
2172.8862 1.31541645e+00
2173.3861 1.34721970e+00
2173.8872 1.34260436e+00
2174.3873 1.34070971e+00
2174.8887 1.32636815e+00
2175.3891 1.32985310e+00
2175.8907 1.33477221e+00
2176.3913 1.33262034e+00
2176.8920 1.32805810e+00
2177.3939 1.32700519e+00
2177.8948 1.31888947e+00
2178.3971 1.30464900e+00
2178.8982 1.29228733e+00
2179.4006 1.27567845e+00
2179.9020 1.28118786e+00
2180.4035 1.29229399e+00
2180.9063 1.29602901e+00
2181.4080 1.28471280e+00
2181.9110 1.28533277e+00
2182.4130 1.28978040e+00
2182.9162 1.27306441e+00
2183.4184 1.28854261e+00
2183.9207 1.28028542e+00
2184.4243 1.28604443e+00
2184.9268 1.28367721e+00
2185.4307 1.28557697e+00
2185.9334 1.28624706e+00
2186.4375 1.29612891e+00
2186.9405 1.27792597e+00
2187.4436 1.26149634e+00
2187.9480 1.28312158e+00
2188.4514 1.25598498e+00
2188.9560 1.29173480e+00
2189.4596 1.28734247e+00
2189.9645 1.28587938e+00
2190.4683 1.25505799e+00
2190.9722 1.27395144e+00
2191.4774 1.28024939e+00
2191.9816 1.29592269e+00
2192.4870 1.29646927e+00
2192.9914 1.27680295e+00
2193.4971 1.27408484e+00
2194.0017 1.25078721e+00
2194.5076 1.27268341e+00
2195.0125 1.27383719e+00
2195.5174 1.29510421e+00
2196.0237 1.28152190e+00
2196.5289 1.27862074e+00
2197.0354 1.28017945e+00
2197.5409 1.26966735e+00
2198.0476 1.27469574e+00
2198.5533 1.28759544e+00
2199.0590 1.29263363e+00
2199.5661 1.26209926e+00
2200.0721 1.26440166e+00
2200.5795 1.24934061e+00
2201.0857 1.25921503e+00
2201.5933 1.24817222e+00
2202.0998 1.22891790e+00
2202.6063 1.23601221e+00
2203.1143 1.24006684e+00
2203.6211 1.22654222e+00
2204.1292 1.21891771e+00
2204.6363 1.23759841e+00
2205.1447 1.25559558e+00
2205.6520 1.25206643e+00
2206.1594 1.24154160e+00
2206.6681 1.22730934e+00
2207.1757 1.24221482e+00
2207.6847 1.23479584e+00
2208.1926 1.23634424e+00
2208.7018 1.25157897e+00
2209.2099 1.25985934e+00
2209.7181 1.25725828e+00
2210.2277 1.24178737e+00
2210.7361 1.23929908e+00
2211.2459 1.23937804e+00
2211.7546 1.25173940e+00
2212.2647 1.24407138e+00
2212.7736 1.25948043e+00
2213.2826 1.25209524e+00
2213.7930 1.23339828e+00
2214.3023 1.22892451e+00
2214.8129 1.22028718e+00
2215.3224 1.21351530e+00
2215.8333 1.22898149e+00
2216.3430 1.20541054e+00
2216.8529 1.20066054e+00
2217.3641 1.20210315e+00
2217.8742 1.18356112e+00
2218.3856 1.18602193e+00
2218.8960 1.19699667e+00
2219.4076 1.19184983e+00
2219.9182 1.18872398e+00
2220.4289 1.18438925e+00
2220.9409 1.18207275e+00
2221.4518 1.20134620e+00
2221.9641 1.22327358e+00
2222.4753 1.22649092e+00
2222.9878 1.22664743e+00
2223.4992 1.23937266e+00
2224.0107 1.24464056e+00
2224.5235 1.25228168e+00
2225.0353 1.24711167e+00
2225.5484 1.24796062e+00
2226.0603 1.24032964e+00
2226.5737 1.22889777e+00
2227.0859 1.22102101e+00
2227.5982 1.22977467e+00
2228.1119 1.24741276e+00
2228.6245 1.22608850e+00
2229.1384 1.22118357e+00
2229.6512 1.21812794e+00
2230.1654 1.24007484e+00
2230.6784 1.23968595e+00
2231.1916 1.25526294e+00
2231.7061 1.23394915e+00
2232.2195 1.23892620e+00
2232.7342 1.21262836e+00
2233.2479 1.16710526e+00
2233.7628 1.20580005e+00
2234.2767 1.19192650e+00
2234.7919 1.19050003e+00
2235.3060 1.19476617e+00
2235.8203 1.20691311e+00
2236.3359 1.20277540e+00
2236.8503 1.20865308e+00
2237.3661 1.19379095e+00
2237.8808 1.21930932e+00
2238.3969 1.25036208e+00
2238.9118 1.21895402e+00
2239.4269 1.23060348e+00
2239.9433 1.22288308e+00
2240.4586 1.21943825e+00
2240.9752 1.18423731e+00
2241.4908 1.17296766e+00
2242.0076 1.16974876e+00
2242.5234 1.15502279e+00
2243.0393 1.15745935e+00
2243.5566 1.14142807e+00
2244.0727 1.13634697e+00
2244.5902 1.13892148e+00
2245.1065 1.13791091e+00
2245.6242 1.11724794e+00
2246.1408 1.15504824e+00
2246.6576 1.16243238e+00
2247.1756 1.18868371e+00
2247.6926 1.19024536e+00
2248.2109 1.19102564e+00
2248.7281 1.20481135e+00
2249.2467 1.19955992e+00
2249.7641 1.19653863e+00
2250.2817 1.20889248e+00
2250.8006 1.20249946e+00
2251.3184 1.17190729e+00
2251.8375 1.17014500e+00
2252.3555 1.16234276e+00
2252.8749 1.17267800e+00
2253.3932 1.16158857e+00
2253.9116 1.14836123e+00
2254.4313 1.16573880e+00
2254.9500 1.17439981e+00
2255.4699 1.17537584e+00
2255.9888 1.20151159e+00
2256.5090 1.22717929e+00
2257.0281 1.23650322e+00
2257.5474 1.22692386e+00
2258.0680 1.20344595e+00
2258.5874 1.21463863e+00
2259.1083 1.23713648e+00
2259.6280 1.22134575e+00
2260.1490 1.21107833e+00
2260.6690 1.21269039e+00
2261.1890 1.17820043e+00
2261.7105 1.16957456e+00
2262.2308 1.15990767e+00
2262.7524 1.17484395e+00
2263.2730 1.20756479e+00
2263.7949 1.19055511e+00
2264.3157 1.18994218e+00
2264.8366 1.21607337e+00
2265.3588 1.21790975e+00
2265.8800 1.20043314e+00
2266.4025 1.21628457e+00
2266.9239 1.19824584e+00
2267.4466 1.19008981e+00
2267.9682 1.20021829e+00
2268.4900 1.19747749e+00
2269.0131 1.20568006e+00
2269.5351 1.19493891e+00
2270.0584 1.17104978e+00
2270.5806 1.16813028e+00
2271.1042 1.17276965e+00
2271.6267 1.16911966e+00
2272.1493 1.18366739e+00
2272.6732 1.16719407e+00
2273.1961 1.16377496e+00
2273.7202 1.15818748e+00
2274.2433 1.15842918e+00
2274.7678 1.16064606e+00
2275.2911 1.15964018e+00
2275.8157 1.17074333e+00
2276.3393 1.18352655e+00
2276.8630 1.18632051e+00
2277.3880 1.19750682e+00
2277.9119 1.23251794e+00
2278.4372 1.22415785e+00
2278.9613 1.21775998e+00
2279.4869 1.22062288e+00
2280.0113 1.22859186e+00
2280.5358 1.23542131e+00
2281.0617 1.22152942e+00
2281.5864 1.20408053e+00
2282.1125 1.19127357e+00
2282.6375 1.17551825e+00
2283.1639 1.16060216e+00
2283.6891 1.13972421e+00
2284.2145 1.14181501e+00
2284.7412 1.14159372e+00
2285.2668 1.12954947e+00
2285.7938 1.12597136e+00
2286.3197 1.12912105e+00
2286.8469 1.14781832e+00
2287.3730 1.16429046e+00
2287.8992 1.16835365e+00
2288.4268 1.18605395e+00
2288.9532 1.19710262e+00
2289.4810 1.18851619e+00
2290.0077 1.18992523e+00
2290.5358 1.19810193e+00
2291.0627 1.19146491e+00
2291.5898 1.19681155e+00
2292.1182 1.17688593e+00
2292.6455 1.17051682e+00
2293.1742 1.18770268e+00
2293.7017 1.18021094e+00
2294.2307 1.18617834e+00
2294.7585 1.19743912e+00
2295.2864 1.20454933e+00
2295.8156 1.22412684e+00
2296.3438 1.23026030e+00
2296.8733 1.21213261e+00
2297.4017 1.22440782e+00
2297.9315 1.23080686e+00
2298.4601 1.22609165e+00
2298.9889 1.23352489e+00
2299.5190 1.22150125e+00
2300.0480 1.21999606e+00
2300.5784 1.20858681e+00
2301.1077 1.19831687e+00
2301.6383 1.21362310e+00
2302.1678 1.23069729e+00
2302.6974 1.22129863e+00
2303.2284 1.22244731e+00
2303.7582 1.21848737e+00
2304.2895 1.20335791e+00
2304.8196 1.21383494e+00
2305.3511 1.22085614e+00
2305.8814 1.21471991e+00
2306.4119 1.20480673e+00
2306.9437 1.20397631e+00
2307.4744 1.18902911e+00
2308.0065 1.20588731e+00
2308.5375 1.20722488e+00
2309.0698 1.19759362e+00
2309.6010 1.20164868e+00
2310.1324 1.20653863e+00
2310.6651 1.21828612e+00
2311.1966 1.23593796e+00
2311.7296 1.23142110e+00
2312.2614 1.22251703e+00
2312.7946 1.24543098e+00
2313.3267 1.24446525e+00
2313.8601 1.24299945e+00
2314.3924 1.25639791e+00
2314.9248 1.26258153e+00
2315.4586 1.25688241e+00
2315.9913 1.25141159e+00
2316.5254 1.23882977e+00
2317.0583 1.24473341e+00
2317.5926 1.25762818e+00
2318.1258 1.25413176e+00
2318.6590 1.24535557e+00
2319.1937 1.25038268e+00
2319.7272 1.25176861e+00
2320.2622 1.23304540e+00
2320.7959 1.23990850e+00
2321.3311 1.22652594e+00
2321.8651 1.22953954e+00
2322.3993 1.23148885e+00
2322.9348 1.22975663e+00
2323.4692 1.22995577e+00
2324.0050 1.24451102e+00
2324.5396 1.23764802e+00
2325.0757 1.22634946e+00
2325.6105 1.24670715e+00
2326.1455 1.24037490e+00
2326.6819 1.24898960e+00
2327.2172 1.25334474e+00
2327.7538 1.25035913e+00
2328.2893 1.24496344e+00
2328.8262 1.25233047e+00
2329.3620 1.24381318e+00
2329.8979 1.25304958e+00
2330.4351 1.26483782e+00
2330.9712 1.24795921e+00
2331.5088 1.25186069e+00
2332.0451 1.25505860e+00
2332.5829 1.24577723e+00
2333.1195 1.24270707e+00
2333.6562 1.23193954e+00
2334.1944 1.20941983e+00
2334.7313 1.18837707e+00
2335.2697 1.17526838e+00
2335.8069 1.17140020e+00
2336.3456 1.18505005e+00
2336.8830 1.18314851e+00
2337.4206 1.18501419e+00
2337.9596 1.19496569e+00
2338.4975 1.20260227e+00
2339.0367 1.18737687e+00
2339.5748 1.19132818e+00
2340.1143 1.22494170e+00
2340.6527 1.23384471e+00
2341.1911 1.22977790e+00
2341.7310 1.21647446e+00
2342.2697 1.22060403e+00
2342.8098 1.20376997e+00
2343.3488 1.19632882e+00
2343.8892 1.19841799e+00
2344.4284 1.21569372e+00
2344.9677 1.22728382e+00
2345.5085 1.21443851e+00
2346.0480 1.20754266e+00
2346.5890 1.19885678e+00
2347.1289 1.20514409e+00
2347.6701 1.19703123e+00
2348.2102 1.19232864e+00
2348.7504 1.18645915e+00
2349.2920 1.19193625e+00
2349.8325 1.19604341e+00
2350.3743 1.18294925e+00
2350.9150 1.17404524e+00
2351.4571 1.15460716e+00
2351.9981 1.17272779e+00
2352.5392 1.18333762e+00
2353.0817 1.16940084e+00
2353.6230 1.17859129e+00
2354.1657 1.18296524e+00
2354.7073 1.17149451e+00
2355.2503 1.16789962e+00
2355.7921 1.16543905e+00
2356.3353 1.16185207e+00
2356.8774 1.17275966e+00
2357.4196 1.15730467e+00
2357.9632 1.14339858e+00
2358.5057 1.15768463e+00
2359.0495 1.14718461e+00
2359.5922 1.14581130e+00
2360.1364 1.14085517e+00
2360.6793 1.13099904e+00
2361.2224 1.14421805e+00
2361.7669 1.16434817e+00
2362.3102 1.17377685e+00
2362.8549 1.17938272e+00
2363.3985 1.18553566e+00
2363.9435 1.17961454e+00
2364.4873 1.19263124e+00
2365.0313 1.19316160e+00
2365.5766 1.20521670e+00
2366.1208 1.23235253e+00
2366.6665 1.22568070e+00
2367.2109 1.19273466e+00
2367.7568 1.20024494e+00
2368.3015 1.19720807e+00
2368.8463 1.18819374e+00
2369.3926 1.19363887e+00
2369.9376 1.19837158e+00
2370.4841 1.19718595e+00
2371.0295 1.19109886e+00
2371.5762 1.18167520e+00
2372.1218 1.17957757e+00
2372.6675 1.20051606e+00
2373.2146 1.20133017e+00
2373.7606 1.20155976e+00
2374.3080 1.21631277e+00
2374.8542 1.21505552e+00
2375.4018 1.20321467e+00
2375.9483 1.19247706e+00
2376.4949 1.19116627e+00
2377.0429 1.19208334e+00
2377.5897 1.18685830e+00
2378.1380 1.18643320e+00
2378.6851 1.18526120e+00
2379.2336 1.18218121e+00
2379.7809 1.16888054e+00
2380.3284 1.17106562e+00
2380.8773 1.17559598e+00
2381.4250 1.18486567e+00
2381.9741 1.18720110e+00
2382.5221 1.18761345e+00
2383.0715 1.18689849e+00
2383.6197 1.20679718e+00
2384.1681 1.20445984e+00
2384.7179 1.21162374e+00
2385.2665 1.21531764e+00
2385.8165 1.21291321e+00
2386.3654 1.21586223e+00
2386.9157 1.22111767e+00
2387.4648 1.21544531e+00
2388.0140 1.19935702e+00
2388.5647 1.20861970e+00
2389.1142 1.19992960e+00
2389.6651 1.19790716e+00
2390.2148 1.19366175e+00
2390.7660 1.19710215e+00
2391.3160 1.19757771e+00
2391.8661 1.19250715e+00
2392.4177 1.19832451e+00
2392.9680 1.20135102e+00
2393.5199 1.21767843e+00
2394.0705 1.21911212e+00
2394.6225 1.21609546e+00
2395.1734 1.22433179e+00
2395.7244 1.23445890e+00
2396.2769 1.23950694e+00
2396.8281 1.24350529e+00
2397.3808 1.24341005e+00
2397.9324 1.23196837e+00
2398.4853 1.24374508e+00
2399.0371 1.24699643e+00
2399.5903 1.25367537e+00
2400.1423 1.25725512e+00
2400.6945 1.25422585e+00
2401.2481 1.26766599e+00
2401.8005 1.25574507e+00
2402.3543 1.24392846e+00
2402.9070 1.24860417e+00
2403.4611 1.25173940e+00
2404.0140 1.24281333e+00
2404.5670 1.24708397e+00
2405.1215 1.24850063e+00
2405.6748 1.23992022e+00
2406.2296 1.24181838e+00
2406.7831 1.22517331e+00
2407.3381 1.22856562e+00
2407.8919 1.24017858e+00
2408.4459 1.23849504e+00
2409.0012 1.23755843e+00
2409.5554 1.24039783e+00
2410.1111 1.22476812e+00
2410.6655 1.21717375e+00
2411.2214 1.21143999e+00
2411.7761 1.20502707e+00
2412.3309 1.20685822e+00
2412.8872 1.22475061e+00
2413.4423 1.22566324e+00
2413.9988 1.23172314e+00
2414.5542 1.23861471e+00
2415.1109 1.23340775e+00
2415.6665 1.23930788e+00
2416.2223 1.24275201e+00
2416.7794 1.25246223e+00
2417.3354 1.25178814e+00
2417.8928 1.25708832e+00
2418.4491 1.23635806e+00
2419.0068 1.22738612e+00
2419.5633 1.21846651e+00
2420.1199 1.21728809e+00
2420.6779 1.22245305e+00
2421.2348 1.21281740e+00
2421.7931 1.20047445e+00
2422.3503 1.19934625e+00
2422.9089 1.19277463e+00
2423.4663 1.17411985e+00
2424.0238 1.18444516e+00
2424.5827 1.18692612e+00
2425.1405 1.18886241e+00
2425.6997 1.19557383e+00
2426.2578 1.18779928e+00
2426.8173 1.20036604e+00
2427.3756 1.20277816e+00
2427.9340 1.19029071e+00
2428.4938 1.18674165e+00
2429.0525 1.18913807e+00
2429.6126 1.18152241e+00
2430.1716 1.19369397e+00
2430.7320 1.19587864e+00
2431.2912 1.18957880e+00
2431.8505 1.20485026e+00
2432.4113 1.19310058e+00
2432.9708 1.18197803e+00
2433.5319 1.18161827e+00
2434.0917 1.19017435e+00
2434.6530 1.19861340e+00
2435.2131 1.20228845e+00
2435.7733 1.18620269e+00
2436.3350 1.17967721e+00
2436.8955 1.16394059e+00
2437.4574 1.15818988e+00
2438.0181 1.15980946e+00
2438.5803 1.17181125e+00
2439.1413 1.17113911e+00
2439.7024 1.16174802e+00
2440.2650 1.14880662e+00
2440.8264 1.14058279e+00
2441.3893 1.14051629e+00
2441.9509 1.13756581e+00
2442.5140 1.14337674e+00
2443.0759 1.13641773e+00
2443.6393 1.13643871e+00
2444.2014 1.13895459e+00
2444.7637 1.14741854e+00
2445.3275 1.14928970e+00
2445.8900 1.16164318e+00
2446.4540 1.16926760e+00
2447.0168 1.16853755e+00
2447.5811 1.16625122e+00
2448.1442 1.15188066e+00
2448.7074 1.14668756e+00
2449.2720 1.13720609e+00
2449.8355 1.13205954e+00
2450.4004 1.13998972e+00
2450.9641 1.14834203e+00
2451.5293 1.13383862e+00
2452.0933 1.12650323e+00
2452.6574 1.13185091e+00
2453.2230 1.13801608e+00
2453.7873 1.14663141e+00
2454.3532 1.14119209e+00
2454.9178 1.14527846e+00
2455.4839 1.13505262e+00
2456.0488 1.12140446e+00
2456.6138 1.12587315e+00
2457.1803 1.13176051e+00
2457.7455 1.12444922e+00
2458.3123 1.12990617e+00
2458.8778 1.11716120e+00
2459.4448 1.12476281e+00
2460.0106 1.13427055e+00
2460.5765 1.14077994e+00
2461.1439 1.15957897e+00
2461.7101 1.16092234e+00
2462.2778 1.15018117e+00
2462.8442 1.15566680e+00
2463.4122 1.17121854e+00
2463.9789 1.16497858e+00
2464.5457 1.18020592e+00
2465.1140 1.17933637e+00
2465.6811 1.17516010e+00
2466.2497 1.17991904e+00
2466.8171 1.17081184e+00
2467.3859 1.17009403e+00
2467.9535 1.17154124e+00
2468.5213 1.16314825e+00
2469.0905 1.15259466e+00
2469.6585 1.14769129e+00
2470.2280 1.14866122e+00
2470.7963 1.13668706e+00
2471.3660 1.12783094e+00
2471.9346 1.11577552e+00
2472.5032 1.11285193e+00
2473.0734 1.10595546e+00
2473.6423 1.10298210e+00
2474.2127 1.09980863e+00
2474.7819 1.09966866e+00
2475.3526 1.10358145e+00
2475.9221 1.10204991e+00
2476.4916 1.11960055e+00
2477.0627 1.11886314e+00
2477.6326 1.11521327e+00
2478.2039 1.11579891e+00
2478.7740 1.11944053e+00
2479.3456 1.11028337e+00
2479.9160 1.11108342e+00
2480.4865 1.11012672e+00
2481.0585 1.10771783e+00
2481.6292 1.10344551e+00
2482.2015 1.10230116e+00
2482.7725 1.11227027e+00
2483.3450 1.10029518e+00
2483.9163 1.10223541e+00
2484.4878 1.11199662e+00
2485.0607 1.11912869e+00
2485.6324 1.10772902e+00
2486.2055 1.09950027e+00
2486.7775 1.09217826e+00
2487.3509 1.07950843e+00
2487.9231 1.07571918e+00
2488.4969 1.07771041e+00
2489.0693 1.08816444e+00
2489.6419 1.08786358e+00
2490.2160 1.07450601e+00
2490.7889 1.08923544e+00
2491.3633 1.10131395e+00
2491.9364 1.12220811e+00
2492.5111 1.11972498e+00
2493.0845 1.12773508e+00
2493.6580 1.10927571e+00
2494.2330 1.09870423e+00
2494.8068 1.09446399e+00
2495.3821 1.09070541e+00
2495.9562 1.09173389e+00
2496.5317 1.07165111e+00
2497.1061 1.06219646e+00
2497.6805 1.04230834e+00
2498.2565 1.04889727e+00
2498.8312 1.05562074e+00
2499.4074 1.07268108e+00
2499.9824 1.08214208e+00
2500.5589 1.09548044e+00
2501.1341 1.09440981e+00
2501.7095 1.09641047e+00
2502.2864 1.09681919e+00
2502.8621 1.10295539e+00
2503.4392 1.11443566e+00
2504.0151 1.11667590e+00
2504.5926 1.11231614e+00
2505.1687 1.11004521e+00
2505.7450 1.10369905e+00
2506.3229 1.09471948e+00
2506.8994 1.09891505e+00
2507.4775 1.09610628e+00
2508.0544 1.09708157e+00
2508.6327 1.09909839e+00
2509.2098 1.09747983e+00
2509.7871 1.10012497e+00
2510.3658 1.09409466e+00
2510.9433 1.08050776e+00
2511.5223 1.07923718e+00
2512.1001 1.07924241e+00
2512.6794 1.07189173e+00
2513.2574 1.06304929e+00
2513.8356 1.06431666e+00
2514.4153 1.05799523e+00
2514.9937 1.05560837e+00
2515.5737 1.03515484e+00
2516.1524 1.04010399e+00
2516.7326 1.04674406e+00
2517.3116 1.04877410e+00
2517.8907 1.05515954e+00
2518.4713 1.06521241e+00
2519.0507 1.07360505e+00
2519.6316 1.06249530e+00
2520.2112 1.06587624e+00
2520.7924 1.06776941e+00
2521.3723 1.08834435e+00
2521.9523 1.09168852e+00
2522.5339 1.09754034e+00
2523.1142 1.08887681e+00
2523.6960 1.07591212e+00
2524.2766 1.07714365e+00
2524.8586 1.08418774e+00
2525.4395 1.09463824e+00
2526.0205 1.08903276e+00
2526.6030 1.08067568e+00
2527.1842 1.08009722e+00
2527.7670 1.06302538e+00
2528.3485 1.06085841e+00
2528.9315 1.06483122e+00
2529.5133 1.08765270e+00
2530.0952 1.08190096e+00
2530.6786 1.07212370e+00
2531.2608 1.06674309e+00
2531.8445 1.07474121e+00
2532.4270 1.07563988e+00
2533.0109 1.06748936e+00
2533.5936 1.07513550e+00
2534.1779 1.07422401e+00
2534.7609 1.07567698e+00
2535.3440 1.05887663e+00
2535.9286 1.05788811e+00
2536.5120 1.05589023e+00
2537.0969 1.05739202e+00
2537.6806 1.05870834e+00
2538.2658 1.06707071e+00
2538.8497 1.07964792e+00
2539.4338 1.08911799e+00
2540.0193 1.08846408e+00
2540.6037 1.08988154e+00
2541.1895 1.09587151e+00
2541.7741 1.09185169e+00
2542.3603 1.09848536e+00
2542.9451 1.11187904e+00
2543.5301 1.09271749e+00
2544.1167 1.08424271e+00
2544.7019 1.06659923e+00
2545.2887 1.05646651e+00
2545.8743 1.05452612e+00
2546.4613 1.06426712e+00
2547.0472 1.06297493e+00
2547.6331 1.07321443e+00
2548.2206 1.07568126e+00
2548.8068 1.06690751e+00
2549.3945 1.07849167e+00
2549.9810 1.08584848e+00
2550.5690 1.09922308e+00
2551.1558 1.10734400e+00
2551.7427 1.11714767e+00
2552.3311 1.11307529e+00
2552.9183 1.10940915e+00
2553.5070 1.10385267e+00
2554.0944 1.10577287e+00
2554.6834 1.11262684e+00
2555.2711 1.11874101e+00
2555.8589 1.11812520e+00
2556.4483 1.11416913e+00
2557.0364 1.11183989e+00
2557.6260 1.10703945e+00
2558.2144 1.09819110e+00
2558.8043 1.09862335e+00
2559.3930 1.09899087e+00
2559.9818 1.09430283e+00
2560.5721 1.08247212e+00
2561.1612 1.08373994e+00
2561.7518 1.07593186e+00
2562.3411 1.07307610e+00
2562.9320 1.07300154e+00
2563.5215 1.06528701e+00
2564.1113 1.07691342e+00
2564.7026 1.07646662e+00
2565.2926 1.07053379e+00
2565.8841 1.07811846e+00
2566.4744 1.08764728e+00
2567.0662 1.08403813e+00
2567.6568 1.08950610e+00
2568.2475 1.08973352e+00
2568.8397 1.09030326e+00
2569.4306 1.09850196e+00
2570.0232 1.08920968e+00
2570.6144 1.08834602e+00
2571.2072 1.09223490e+00
2571.7987 1.08574776e+00
2572.3903 1.07857563e+00
2572.9835 1.08754235e+00
2573.5754 1.06864630e+00
2574.1689 1.05927568e+00
2574.7610 1.05586443e+00
2575.3548 1.05653185e+00
2575.9472 1.06298209e+00
2576.5398 1.06295960e+00
2577.1340 1.05441759e+00
2577.7268 1.04656712e+00
2578.3213 1.03910736e+00
2578.9144 1.02648112e+00
2579.5091 1.04130042e+00
2580.1025 1.04195784e+00
2580.6975 1.03304517e+00
2581.2912 1.01634259e+00
2581.8850 1.00865766e+00
2582.4804 1.00486243e+00
2583.0745 1.00368480e+00
2583.6701 1.00223325e+00
2584.2645 1.00221918e+00
2584.8604 9.99371204e-01
2585.4550 9.97685804e-01
2586.0498 1.00785486e+00
2586.6462 1.02116159e+00
2587.2412 1.02453426e+00
2587.8378 1.02260650e+00
2588.4332 1.02768112e+00
2589.0300 1.03234365e+00
2589.6256 1.03549819e+00
2590.2214 1.04813493e+00
2590.8187 1.05272709e+00
2591.4147 1.05954715e+00
2592.0123 1.04659996e+00
2592.6086 1.05290590e+00
2593.2064 1.04073613e+00
2593.8030 1.02794503e+00
2594.3997 1.03051144e+00
2594.9979 1.03524648e+00
2595.5949 1.03550698e+00
2596.1935 1.03277412e+00
2596.7907 1.03217672e+00
2597.3895 1.02558282e+00
2597.9870 1.03319707e+00
2598.5847 1.02674760e+00
2599.1839 1.04604950e+00
2599.7819 1.05711042e+00
2600.3814 1.05162254e+00
2600.9796 1.04807905e+00
2601.5794 1.04390864e+00
2602.1779 1.03497427e+00
2602.7765 1.03696065e+00
2603.3767 1.04213507e+00
2603.9756 1.03181683e+00
2604.5761 1.01057389e+00
2605.1752 1.00855939e+00
2605.7760 1.00969468e+00
2606.3754 9.98718548e-01
2606.9750 1.00755534e+00
2607.5762 1.02148279e+00
2608.1761 1.01091362e+00
2608.7775 1.01409283e+00
2609.3777 1.01387700e+00
2609.9794 1.02863400e+00
2610.5798 1.04496923e+00
2611.1804 1.03586718e+00
2611.7825 1.04166375e+00
2612.3833 1.06418868e+00
2612.9857 1.06549107e+00
2613.5868 1.06095712e+00
2614.1895 1.07958367e+00
2614.7909 1.06206528e+00
2615.3925 1.05662101e+00
2615.9956 1.04272533e+00
2616.5974 1.05057948e+00
2617.2007 1.06348546e+00
2617.8028 1.05573851e+00
2618.4065 1.04435843e+00
2619.0089 1.02855542e+00
2619.6114 1.02256343e+00
2620.2154 1.01267257e+00
2620.8182 1.00747384e+00
2621.4226 1.00380856e+00
2622.0256 1.02446909e+00
2622.6302 1.02102939e+00
2623.2336 1.01390382e+00
2623.8371 1.01346116e+00
2624.4421 1.01811863e+00
2625.0459 1.03223841e+00
2625.6512 1.03450997e+00
2626.2552 1.03838291e+00
2626.8608 1.04885429e+00
2627.4651 1.05499125e+00
2628.0710 1.05056980e+00
2628.6756 1.04791525e+00
2629.2803 1.05241028e+00
2629.8866 1.06621153e+00
2630.4916 1.07220623e+00
2631.0982 1.07369598e+00
2631.7035 1.07822000e+00
2632.3104 1.08217705e+00
2632.9159 1.09289175e+00
2633.5216 1.09370696e+00
2634.1289 1.09732738e+00
2634.7349 1.07692412e+00
2635.3424 1.07667580e+00
2635.9487 1.06379130e+00
2636.5565 1.04808205e+00
2637.1631 1.04018229e+00
2637.7698 1.03399710e+00
2638.3780 1.03673875e+00
2638.9850 1.03568953e+00
2639.5935 1.03393398e+00
2640.2008 1.03072960e+00
2640.8096 1.05353094e+00
2641.4171 1.04935199e+00
2642.0247 1.04719671e+00
2642.6340 1.04972193e+00
2643.2419 1.04906354e+00
2643.8515 1.05047068e+00
2644.4597 1.05420761e+00
2645.0695 1.05464694e+00
2645.6780 1.04819946e+00
2646.2866 1.03685836e+00
2646.8968 1.03361243e+00
2647.5057 1.02945347e+00
2648.1163 1.02083684e+00
2648.7255 1.01855643e+00
2649.3362 1.01138375e+00
2649.9457 1.00534223e+00
2650.5553 9.97008286e-01
2651.1665 9.92205582e-01
2651.7764 9.97608509e-01
2652.3879 9.92377977e-01
2652.9981 9.83925495e-01
2653.6099 9.91805687e-01
2654.2204 1.00214070e+00
2654.8310 1.00842638e+00
2655.4431 1.01113458e+00
2656.0540 1.01170191e+00
2656.6665 1.00659616e+00
2657.2777 9.96435528e-01
2657.8904 9.95282507e-01
2658.5019 9.98096275e-01
2659.1135 9.97164917e-01
2659.7267 9.92484064e-01
2660.3385 9.92823153e-01
2660.9520 9.88561354e-01
2661.5641 9.81764441e-01
2662.1779 9.85261345e-01
2662.7903 9.79332418e-01
2663.4029 9.87817049e-01
2664.0171 9.84525299e-01
2664.6299 9.86143084e-01
2665.2444 9.90388441e-01
2665.8575 9.94947405e-01
2666.4722 9.98202763e-01
2667.0857 1.00478247e+00
2667.6992 1.00750080e+00
2668.3144 1.00817409e+00
2668.9282 1.01941504e+00
2669.5437 1.01731715e+00
2670.1578 1.02718353e+00
2670.7735 1.02937475e+00
2671.3880 1.01783797e+00
2672.0040 1.01082759e+00
2672.6187 1.00980124e+00
2673.2335 9.94501486e-01
2673.8499 9.90297022e-01
2674.4650 9.88755989e-01
2675.0818 9.85610723e-01
2675.6972 9.80407705e-01
2676.3142 9.68483772e-01
2676.9299 9.62751169e-01
2677.5457 9.63877668e-01
2678.1631 9.62581778e-01
2678.7792 9.66525946e-01
2679.3970 9.73489656e-01
2680.0133 9.70266256e-01
2680.6314 9.69872189e-01
2681.2480 9.72754717e-01
2681.8648 9.80893602e-01
2682.4833 9.92344179e-01
2683.1004 9.97518530e-01
2683.7191 9.96623802e-01
2684.3365 1.00082208e+00
2684.9555 1.00172509e+00
2685.5732 9.98057470e-01
2686.1910 1.00851455e+00
2686.8104 1.01130856e+00
2687.4285 1.01384676e+00
2688.0482 1.00775678e+00
2688.6666 9.93965673e-01
2689.2866 9.99284973e-01
2689.9053 1.01353104e+00
2690.5241 1.01196206e+00
2691.1445 9.95083218e-01
2691.7636 1.00214872e+00
2692.3843 1.00317359e+00
2693.0037 9.99747152e-01
2693.6247 9.89522543e-01
2694.2443 9.95495110e-01
2694.8642 9.90375786e-01
2695.4856 9.82957850e-01
2696.1057 9.79242792e-01
2696.7274 9.74667606e-01
2697.3478 9.84993353e-01
2697.9698 9.73161716e-01
2698.5904 9.77674761e-01
2699.2112 9.73210087e-01
2699.8337 9.79781141e-01
2700.4548 9.71876678e-01
2701.0775 9.77045584e-01
2701.6989 9.69470539e-01
2702.3219 9.73234367e-01
2702.9435 9.82481041e-01
2703.5654 9.71902180e-01
2704.1888 9.70002918e-01
2704.8109 9.54277267e-01
2705.4346 9.59661245e-01
2706.0570 9.48598146e-01
2706.6810 9.48563519e-01
2707.3037 9.48314896e-01
2707.9265 9.50297222e-01
2708.5509 9.43274937e-01
2709.1740 9.35914917e-01
2709.7987 9.46616983e-01
2710.4221 9.65643482e-01
2711.0472 9.69928484e-01
2711.6708 9.66579666e-01
2712.2946 9.73198404e-01
2712.9201 9.75879946e-01
2713.5442 9.79203892e-01
2714.1699 9.80375481e-01
2714.7943 9.79672575e-01
2715.4203 9.71828852e-01
2716.0450 9.68176699e-01
2716.6698 9.57387600e-01
2717.2963 9.68166637e-01
2717.9214 9.65513992e-01
2718.5482 9.60484133e-01
2719.1736 9.57517643e-01
2719.8006 9.54900246e-01
2720.4263 9.48883123e-01
2721.0536 9.42797890e-01
2721.6796 9.40464087e-01
2722.3057 9.41711884e-01
2722.9335 9.44642181e-01
2723.5599 9.30104866e-01
2724.1879 9.33032742e-01
2724.8146 9.33719473e-01
2725.4429 9.40264664e-01
2726.0699 9.38197546e-01
2726.6971 9.46014061e-01
2727.3258 9.54280939e-01
2727.9532 9.63311377e-01
2728.5823 9.68503857e-01
2729.2100 9.67531261e-01
2729.8394 9.69556456e-01
2730.4674 9.69358196e-01
2731.0955 9.74450455e-01
2731.7253 9.71607075e-01
2732.3537 9.65001955e-01
2732.9838 9.66272478e-01
2733.6125 9.60769577e-01
2734.2429 9.60517368e-01
2734.8719 9.60159369e-01
2735.5010 9.51414242e-01
2736.1318 9.46944513e-01
2736.7613 9.45360613e-01
2737.3924 9.40724258e-01
2738.0221 9.38027992e-01
2738.6535 9.40289164e-01
2739.2835 9.40560846e-01
2739.9137 9.45035143e-01
2740.5455 9.45762291e-01
2741.1760 9.44571047e-01
2741.8081 9.47887440e-01
2742.4388 9.51868839e-01
2743.0712 9.44595156e-01
2743.7023 9.53156643e-01
2744.3334 9.80436687e-01
2744.9663 1.00336372e+00
2745.5978 9.96354933e-01
2746.2309 9.97475643e-01
2746.8626 1.00504430e+00
2747.4961 1.00312879e+00
2748.1281 9.91152668e-01
2748.7603 9.85377426e-01
2749.3942 9.91661777e-01
2750.0267 9.79279251e-01
2750.6608 9.56335554e-01
2751.2936 9.53346243e-01
2751.9281 9.52293701e-01
2752.5611 9.46615286e-01
2753.1944 9.50383434e-01
2753.8292 9.43943110e-01
2754.4628 9.54799480e-01
2755.0979 9.56530704e-01
2755.7317 9.62490482e-01
2756.3672 9.75279808e-01
2757.0013 9.71401396e-01
2757.6355 9.52729006e-01
2758.2715 9.67158022e-01
2758.9060 9.93127813e-01
2759.5422 9.86681004e-01
2760.1770 9.88064547e-01
2760.8135 9.90016479e-01
2761.4486 9.96949320e-01
2762.0839 9.88191690e-01
2762.7208 9.80554495e-01
2763.3564 9.73592062e-01
2763.9936 9.71137638e-01
2764.6295 9.57737761e-01
2765.2670 9.31195364e-01
2765.9031 9.31152287e-01
2766.5394 9.30503588e-01
2767.1774 9.27792864e-01
2767.8140 9.39180622e-01
2768.4522 9.57492065e-01
2769.0891 9.53451920e-01
2769.7276 9.56782417e-01
2770.3648 9.74330606e-01
2771.0036 9.82746868e-01
2771.6411 9.87607651e-01
2772.2787 9.87884293e-01
2772.9180 9.80112915e-01
2773.5559 9.80525846e-01
2774.1955 9.65551729e-01
2774.8337 9.45491390e-01
2775.4736 9.57337132e-01
2776.1121 9.58843184e-01
2776.7507 9.41209717e-01
2777.3910 9.34744539e-01
2778.0299 9.35556345e-01
2778.6706 9.42284298e-01
2779.3098 9.61158524e-01
2779.9507 9.58846884e-01
2780.5902 9.59558945e-01
2781.2299 9.64232645e-01
2781.8712 9.79189444e-01
2782.5112 9.86983423e-01
2783.1528 9.96289778e-01
2783.7931 1.02434387e+00
2784.4350 1.03632533e+00
2785.0756 1.04383620e+00
2785.7163 1.05310741e+00
2786.3587 1.05662851e+00
2786.9997 1.06695249e+00
2787.6423 1.07201720e+00
2788.2836 1.06154819e+00
2788.9266 1.06159034e+00
2789.5682 1.06465967e+00
2790.2099 1.05285500e+00
2790.8533 1.04718009e+00
2791.4954 1.03520505e+00
2792.1391 1.03763980e+00
2792.7814 1.06286477e+00
2793.4254 1.07019548e+00
2794.0681 1.08215987e+00
2794.7108 1.09113728e+00
2795.3553 1.10385715e+00
2795.9983 1.12181972e+00
2796.6431 1.12910646e+00
2797.2865 1.13809504e+00
2797.9315 1.15432606e+00
2798.5752 1.15769644e+00
2799.2190 1.15824414e+00
2799.8645 1.16457334e+00
2800.5086 1.16354935e+00
2801.1544 1.15656569e+00
2801.7988 1.15608979e+00
2802.4449 1.15005653e+00
2803.0896 1.14015440e+00
2803.7344 1.13601488e+00
2804.3809 1.11867908e+00
2805.0261 1.10786946e+00
2805.6729 1.10057816e+00
2806.3184 1.09326303e+00
2806.9655 1.09241890e+00
2807.6112 1.08945591e+00
2808.2571 1.09007125e+00
2808.9047 1.08504821e+00
2809.5509 1.07869350e+00
2810.1988 1.06982359e+00
2810.8452 1.08092805e+00
2811.4934 1.06238769e+00
2812.1402 1.05520497e+00
2812.7871 1.04502695e+00
2813.4357 1.03050971e+00
2814.0830 1.02134736e+00
2814.7319 1.00827250e+00
2815.3794 9.90437279e-01
2816.0286 9.89290218e-01
2816.6765 9.84600334e-01
2817.3244 9.80436859e-01
2817.9741 1.00045340e+00
2818.6224 9.95195656e-01
2819.2723 9.94488773e-01
2819.9209 9.90789223e-01
2820.5712 9.88363361e-01
2821.2200 9.89364557e-01
2821.8706 1.00333421e+00
2822.5198 1.00324021e+00
2823.1691 1.01086031e+00
2823.8201 9.99765825e-01
2824.4697 9.87861137e-01
2825.1211 9.87205734e-01
2825.7710 9.87522793e-01
2826.4226 9.88564472e-01
2827.0728 9.89398165e-01
2827.7232 9.87348661e-01
2828.3752 9.80802650e-01
2829.0259 9.81285877e-01
2829.6783 9.87714167e-01
2830.3292 9.88312016e-01
2830.9819 9.83712273e-01
2831.6332 9.78873301e-01
2832.2846 9.86088676e-01
2832.9377 9.95826235e-01
2833.5894 1.00910270e+00
2834.2428 1.00323692e+00
2834.8948 9.99167261e-01
2835.5486 1.00238703e+00
2836.2009 9.96804361e-01
2836.8533 1.00052108e+00
2837.5075 1.00429585e+00
2838.1603 1.01046135e+00
2838.8147 1.00106047e+00
2839.4678 9.89804039e-01
2840.1226 9.76741924e-01
2840.7759 9.70128860e-01
2841.4295 9.72163229e-01
2842.0847 9.71779394e-01
2842.7385 9.66165953e-01
2843.3940 9.62644405e-01
2844.0482 9.53461704e-01
2844.7040 9.48264818e-01
2845.3584 9.49790888e-01
2846.0130 9.51611261e-01
2846.6693 9.62974138e-01
2847.3241 9.82676830e-01
2847.9807 9.92253122e-01
2848.6359 9.82258234e-01
2849.2928 9.81643019e-01
2849.9483 9.78924894e-01
2850.6039 9.92584076e-01
2851.2612 9.91806259e-01
2851.9172 9.90209913e-01
2852.5748 9.98541346e-01
2853.2310 9.91366081e-01
2853.8890 9.81264515e-01
2854.5455 9.79366503e-01
2855.2022 9.93139210e-01
2855.8606 9.94266834e-01
2856.5176 9.92322779e-01
2857.1763 9.98032961e-01
2857.8336 1.00140175e+00
2858.4926 1.00661446e+00
2859.1502 9.93926792e-01
2859.8079 9.95192022e-01
2860.4674 9.91243181e-01
2861.1255 9.89770947e-01
2861.7852 9.75935535e-01
2862.4436 9.63321505e-01
2863.1036 9.57288218e-01
2863.7623 9.34538403e-01
2864.4211 9.36788254e-01
2865.0816 9.35755692e-01
2865.7407 9.44595995e-01
2866.4016 9.41014166e-01
2867.0610 9.39955187e-01
2867.7221 9.32324076e-01
2868.3818 9.43375578e-01
2869.0417 9.59743481e-01
2869.7033 9.63648024e-01
2870.3635 9.65095816e-01
2871.0254 9.73408060e-01
2871.6858 9.69671717e-01
2872.3481 9.73330793e-01
2873.0088 9.72746887e-01
2873.6713 9.81425400e-01
2874.3324 9.81379013e-01
2874.9937 9.73843794e-01
2875.6566 9.64133711e-01
2876.3182 9.65594730e-01
2876.9814 9.72071171e-01
2877.6433 9.55966225e-01
2878.3069 9.56803970e-01
2878.9690 9.44153929e-01
2879.6313 9.38146267e-01
2880.2954 9.24251318e-01
2880.9580 9.42722731e-01
2881.6223 9.25874004e-01
2882.2852 9.32653160e-01
2882.9499 9.30100374e-01
2883.6131 9.20841646e-01
2884.2765 9.33210926e-01
2884.9416 9.32132530e-01
2885.6052 9.28685026e-01
2886.2707 9.28693609e-01
2886.9346 9.20426517e-01
2887.6004 9.09995933e-01
2888.2647 9.26420131e-01
2888.9291 9.12777057e-01
2889.5953 9.10200019e-01
2890.2600 9.32759929e-01
2890.9265 9.07822013e-01
2891.5916 9.07555089e-01
2892.2584 8.93786960e-01
2892.9237 8.95469470e-01
2893.5892 8.93943686e-01
2894.2565 8.91341901e-01
2894.9223 8.88809314e-01
2895.5899 8.90478120e-01
2896.2560 8.89411407e-01
2896.9239 8.70663352e-01
2897.5903 8.75231090e-01
2898.2569 8.65921845e-01
2898.9252 8.87028289e-01
2899.5921 8.85054307e-01
2900.2608 8.95276079e-01
2900.9280 8.85201111e-01
2901.5969 8.83737946e-01
2902.2644 8.85400066e-01
2902.9321 8.92938671e-01
2903.6015 9.05766134e-01
2904.2695 9.23497324e-01
2904.9392 9.22926025e-01
2905.6074 9.24438829e-01
2906.2775 9.23103571e-01
2906.9461 9.28288002e-01
2907.6148 9.32500458e-01
2908.2853 9.27199993e-01
2908.9543 9.23286467e-01
2909.6251 9.19244814e-01
2910.2945 9.12743034e-01
2910.9656 9.07005510e-01
2911.6353 9.06373119e-01
2912.3051 8.97816639e-01
2912.9766 8.95111370e-01
2913.6468 8.88125486e-01
2914.3187 8.82501631e-01
2914.9891 8.93847284e-01
2915.6613 9.01742325e-01
2916.3320 8.94840317e-01
2917.0029 8.94241686e-01
2917.6756 8.86152306e-01
2918.3468 9.00063181e-01
2919.0197 9.00547523e-01
2919.6913 9.00243721e-01
2920.3645 9.09659348e-01
2921.0364 9.12945614e-01
2921.7083 9.11314754e-01
2922.3821 9.13276796e-01
2923.0544 9.29235983e-01
2923.7284 9.35663595e-01
2924.4010 9.66315870e-01
2925.0754 9.58319702e-01
2925.7483 9.57503958e-01
2926.4230 9.67674503e-01
2927.0962 9.69793539e-01
2927.7696 9.59293599e-01
2928.4447 9.61741891e-01
2929.1184 9.73308663e-01
2929.7938 9.77480350e-01
2930.4678 9.79785829e-01
2931.1436 9.57173848e-01
2931.8179 9.47616010e-01
2932.4924 9.68656430e-01
2933.1686 9.61855817e-01
2933.8434 9.65042377e-01
2934.5199 9.75000496e-01
2935.1950 9.74021206e-01
2935.8718 9.57818928e-01
2936.5472 9.40151367e-01
2937.2228 9.24044466e-01
2937.9001 9.25237246e-01
2938.5759 9.32645369e-01
2939.2536 9.31736116e-01
2939.9297 9.33944616e-01
2940.6077 9.28050671e-01
2941.2842 9.31955147e-01
2941.9608 9.23017902e-01
2942.6392 9.24803104e-01
2943.3162 9.32980032e-01
2943.9949 9.39731846e-01
2944.6721 9.26238241e-01
2945.3512 9.20136833e-01
2946.0288 9.07630825e-01
2946.7065 9.08234329e-01
2947.3860 9.10335207e-01
2948.0640 9.09221601e-01
2948.7438 9.15476742e-01
2949.4222 9.06516819e-01
2950.1023 9.03612223e-01
2950.7810 9.10606050e-01
2951.4598 9.16950359e-01
2952.1404 9.30836039e-01
2952.8196 9.11301036e-01
2953.5005 9.09931102e-01
2954.1799 9.11628480e-01
2954.8612 9.10776420e-01
2955.5409 9.24972177e-01
2956.2208 9.27635541e-01
2956.9025 9.28561721e-01
2957.5828 9.15323176e-01
2958.2648 9.16523604e-01
2958.9453 9.09833493e-01
2959.6276 9.14595718e-01
2960.3085 9.03763018e-01
2960.9895 8.88767786e-01
2961.6723 9.04470377e-01
2962.3536 8.95328293e-01
2963.0368 8.99787655e-01
2963.7184 8.89935799e-01
2964.4018 9.01203794e-01
2965.0838 8.85482602e-01
2965.7659 8.85282416e-01
2966.4498 9.06015019e-01
2967.1322 9.14640546e-01
2967.8164 9.34529071e-01
2968.4992 9.12306046e-01
2969.1837 8.98852382e-01
2969.8668 8.88110437e-01
2970.5500 8.97714300e-01
2971.2350 8.87919054e-01
2971.9185 9.00192752e-01
2972.6038 9.07124009e-01
2973.2877 8.92915635e-01
2973.9733 8.77071953e-01
2974.6575 8.58774519e-01
2975.3418 8.71860867e-01
2976.0279 8.74183626e-01
2976.7125 8.93993564e-01
2977.3989 8.93005700e-01
2978.0839 9.13644319e-01
2978.7706 9.17599435e-01
2979.4559 9.17039933e-01
2980.1429 9.01892490e-01
2980.8285 9.22203526e-01
2981.5143 9.26749234e-01
2982.2018 9.37180676e-01
2982.8878 9.40999579e-01
2983.5757 9.39549499e-01
2984.2621 9.51180606e-01
2984.9502 9.38661656e-01
2985.6369 9.46780534e-01
2986.3237 9.41080480e-01
2987.0124 9.63010225e-01
2987.6995 9.69719868e-01
2988.3885 9.80668936e-01
2989.0760 9.54060392e-01
2989.7653 9.36578193e-01
2990.4530 9.36678004e-01
2991.1410 9.08054867e-01
2991.8307 9.00917549e-01
2992.5190 8.95688381e-01
2993.2091 8.91700325e-01
2993.8977 8.95803604e-01
2994.5880 8.81581478e-01
2995.2769 8.71721773e-01
2995.9660 8.80028553e-01
2996.6569 8.93728032e-01
2997.3462 8.80417295e-01
2998.0374 9.02050428e-01
2998.7271 9.07777739e-01
2999.4186 8.96643658e-01
3000.1086 9.00188828e-01
3000.7988 9.12236385e-01
3001.4908 9.25117102e-01
3002.1813 9.09522095e-01
3002.8736 9.01858091e-01
3003.5644 9.05321627e-01
3004.2570 9.02887497e-01
3004.9481 8.86189451e-01
3005.6394 8.68650937e-01
3006.3325 8.61549969e-01
3007.0241 8.41110334e-01
3007.7175 8.21966839e-01
3008.4094 8.18020287e-01
3009.1032 8.28763857e-01
3009.7954 8.44992933e-01
3010.4878 8.38809319e-01
3011.1820 8.44695635e-01
3011.8747 8.64146957e-01
3012.5693 8.59756541e-01
3013.2623 8.65934467e-01
3013.9572 8.88353529e-01
3014.6505 8.87493973e-01
3015.3440 8.71419921e-01
3016.0394 8.63776431e-01
3016.7332 8.51617684e-01
3017.4289 8.50572066e-01
3018.1230 8.40030384e-01
3018.8190 8.34707537e-01
3019.5135 8.56235733e-01
3020.2081 8.64756927e-01
3020.9045 8.59224081e-01
3021.5995 8.65738344e-01
3022.2963 8.82066913e-01
3022.9915 8.92093377e-01
3023.6886 9.00691705e-01
3024.3842 9.12135596e-01
3025.0800 9.33580208e-01
3025.7776 9.33487997e-01
3026.4736 9.20217428e-01
3027.1715 9.10629578e-01
3027.8679 9.08144798e-01
3028.5662 8.96269855e-01
3029.2629 8.86277351e-01
3029.9598 8.80601568e-01
3030.6585 8.79614429e-01
3031.3557 8.70210276e-01
3032.0547 8.61359653e-01
3032.7522 8.56031351e-01
3033.4515 8.58407621e-01
3034.1494 8.61551456e-01
3034.8491 8.57538357e-01
3035.5472 8.60690289e-01
3036.2455 8.62924356e-01
3036.9457 8.77261467e-01
3037.6443 8.79683838e-01
3038.3448 8.77754841e-01
3039.0438 8.70893288e-01
3039.7446 8.74477434e-01
3040.4439 8.65997491e-01
3041.1433 8.60268030e-01
3041.8446 8.65303192e-01
3042.5444 8.55277519e-01
3043.2460 8.40720034e-01
3043.9461 8.46318398e-01
3044.6480 8.33130474e-01
3045.3484 8.32454939e-01
3046.0490 8.33324070e-01
3046.7514 8.32523680e-01
3047.4523 8.39119658e-01
3048.1550 8.42826452e-01
3048.8563 8.39382238e-01
3049.5593 8.44797764e-01
3050.2609 8.50890718e-01
3050.9626 8.18228493e-01
3051.6661 8.25716343e-01
3052.3682 8.15988126e-01
3053.0720 8.22822747e-01
3053.7744 8.18820968e-01
3054.4786 8.26095309e-01
3055.1813 8.28086801e-01
3055.8841 8.37947040e-01
3056.5888 8.31935353e-01
3057.2919 8.43058138e-01
3057.9969 8.56159158e-01
3058.7004 8.47812877e-01
3059.4058 8.64397221e-01
3060.1096 8.55728006e-01
3060.8136 8.52743368e-01
3061.5194 8.48554459e-01
3062.2237 8.46802063e-01
3062.9298 8.32274404e-01
3063.6344 8.42193799e-01
3064.3409 8.31488996e-01
3065.0458 8.27627139e-01
3065.7510 8.25620351e-01
3066.4579 8.13438764e-01
3067.1633 8.09838600e-01
3067.8706 8.16274319e-01
3068.5764 8.24117641e-01
3069.2840 8.25146008e-01
3069.9901 8.34246116e-01
3070.6963 8.36053224e-01
3071.4044 8.51183572e-01
3072.1110 8.60758948e-01
3072.8194 8.65771327e-01
3073.5263 8.76311574e-01
3074.2351 8.82682047e-01
3074.9423 8.68754306e-01
3075.6497 8.56952739e-01
3076.3589 8.66495376e-01
3077.0666 8.50729756e-01
3077.7762 8.47073579e-01
3078.4842 8.29191022e-01
3079.1941 8.27870479e-01
3079.9025 8.25203691e-01
3080.6110 8.07954574e-01
3081.3214 8.14218230e-01
3082.0302 8.28400402e-01
3082.7410 8.24598336e-01
3083.4501 8.15749822e-01
3084.1612 8.35105500e-01
3084.8707 8.26299596e-01
3085.5820 8.32074056e-01
3086.2919 8.25907149e-01
3087.0019 8.28168826e-01
3087.7137 8.29106703e-01
3088.4241 8.04997540e-01
3089.1362 7.94005079e-01
3089.8469 8.07893147e-01
3090.5594 8.06513743e-01
3091.2704 7.93514266e-01
3091.9815 8.08703094e-01
3092.6945 8.07236381e-01
3093.4060 8.18031249e-01
3094.1193 8.22218947e-01
3094.8311 8.32805367e-01
3095.5448 8.51345310e-01
3096.2569 8.58249569e-01
3096.9692 8.44842820e-01
3097.6834 8.36974030e-01
3098.3960 8.32672086e-01
3099.1105 8.24267516e-01
3099.8234 8.29118733e-01
3100.5382 8.14912529e-01
3101.2515 8.14309950e-01
3101.9649 8.10260515e-01
3102.6802 8.08830032e-01
3103.3940 8.02564144e-01
3104.1096 8.04864140e-01
3104.8237 8.01672654e-01
3105.5397 8.11054907e-01
3106.2541 8.08691072e-01
3106.9687 7.95138936e-01
3107.6852 8.05082006e-01
3108.4001 8.04826479e-01
3109.1169 7.98821211e-01
3109.8321 7.99409170e-01
3110.5493 8.05890989e-01
3111.2648 8.16092248e-01
3111.9806 8.36419835e-01
3112.6982 8.41775975e-01
3113.4143 8.51406808e-01
3114.1322 8.55727439e-01
3114.8486 8.47332363e-01
3115.5669 8.41872845e-01
3116.2836 8.44392905e-01
3117.0005 8.49915910e-01
3117.7193 8.44939933e-01
3118.4365 8.39856772e-01
3119.1556 8.19934077e-01
3119.8732 8.02106853e-01
3120.5926 8.01140103e-01
3121.3105 8.02329879e-01
3122.0286 8.11667404e-01
3122.7485 8.04900827e-01
3123.4669 8.05141225e-01
3124.1871 7.91209693e-01
3124.9059 7.88936825e-01
3125.6265 7.80996490e-01
3126.3455 7.86192532e-01
3127.0647 8.00413074e-01
3127.7858 7.88442521e-01
3128.5054 7.96905127e-01
3129.2268 7.97444782e-01
3129.9467 8.05310163e-01
3130.6684 8.05400991e-01
3131.3886 8.15352859e-01
3132.1090 8.10732341e-01
3132.8312 8.21724005e-01
3133.5519 8.29188056e-01
3134.2745 8.24983048e-01
3134.9956 8.34313669e-01
3135.7185 8.20550923e-01
3136.4399 8.05602179e-01
3137.1614 8.10746450e-01
3137.8848 7.98915601e-01
3138.6067 8.12013669e-01
3139.3304 8.41634746e-01
3140.0526 8.62681727e-01
3140.7767 8.55291266e-01
3141.4993 8.45315633e-01
3142.2237 8.37182474e-01
3142.9466 8.57038045e-01
3143.6696 8.71172886e-01
3144.3945 8.45733175e-01
3145.1179 8.59041085e-01
3145.8431 8.33940206e-01
3146.5668 8.15290504e-01
3147.2924 7.98521304e-01
3148.0164 7.96556935e-01
3148.7406 8.03225932e-01
3149.4667 8.04114771e-01
3150.1913 8.15046339e-01
3150.9177 8.00652633e-01
3151.6426 8.20550170e-01
3152.3693 8.12292099e-01
3153.0945 8.13078213e-01
3153.8199 8.08030062e-01
3154.5471 7.85979080e-01
3155.2728 7.86267400e-01
3156.0004 7.91652055e-01
3156.7265 7.92242165e-01
3157.4544 7.71595173e-01
3158.1808 7.79610724e-01
3158.9073 7.87883840e-01
3159.6358 7.98972659e-01
3160.3626 8.11159377e-01
3161.0914 8.12441792e-01
3161.8186 8.08416147e-01
3162.5477 7.99118037e-01
3163.2752 7.79912972e-01
3164.0030 8.22127199e-01
3164.7326 8.36848526e-01
3165.4606 8.34799166e-01
3166.1906 8.19776263e-01
3166.9189 8.37091856e-01
3167.6492 8.47953081e-01
3168.3779 8.41706347e-01
3169.1068 8.63548727e-01
3169.8376 8.67022400e-01
3170.5668 8.73615079e-01
3171.2979 8.28642015e-01
3172.0275 8.14356213e-01
3172.7590 8.34345360e-01
3173.4889 8.29316278e-01
3174.2189 8.11284595e-01
3174.9509 7.93591065e-01
3175.6813 7.99063978e-01
3176.4136 7.92169981e-01
3177.1443 8.00444460e-01
3177.8769 8.15813432e-01
3178.6080 8.33549404e-01
3179.3392 8.33931389e-01
3180.0724 8.04854565e-01
3180.8040 8.12726173e-01
3181.5375 8.10507922e-01
3182.2694 8.11148677e-01
3183.0032 7.98112283e-01
3183.7354 8.26670613e-01
3184.4678 7.91632543e-01
3185.2022 8.08888688e-01
3185.9349 7.94654174e-01
3186.6696 7.92554679e-01
3187.4027 8.03058724e-01
3188.1377 8.09534583e-01
3188.8711 8.02416186e-01
3189.6047 8.06687474e-01
3190.3402 8.15517869e-01
3191.0742 8.01201997e-01
3191.8100 8.46295333e-01
3192.5443 8.28744979e-01
3193.2805 8.33180642e-01
3194.0151 8.25766635e-01
3194.7499 8.66440673e-01
3195.4866 7.94777337e-01
3196.2217 8.54811045e-01
3196.9587 8.80363528e-01
3197.6942 8.92705561e-01
3198.4316 8.84199187e-01
3199.1674 8.68355933e-01
3199.9051 8.57374178e-01
3200.6412 8.56056496e-01
3201.3775 8.51847292e-01
3202.1158 8.24183918e-01
3202.8524 8.63153739e-01
3203.5910 8.53794742e-01
3204.3280 8.13343101e-01
3205.0669 8.18372121e-01
3205.8042 8.06778421e-01
3206.5417 8.06869707e-01
3207.2811 8.05361300e-01
3208.0189 8.15377598e-01
3208.7587 8.19262986e-01
3209.4969 8.25028586e-01
3210.2370 8.62936268e-01
3210.9755 8.23304195e-01
3211.7142 8.25687590e-01
3212.4548 8.04972577e-01
3213.1938 8.12594233e-01
3213.9347 8.14539709e-01
3214.6741 8.14394808e-01
3215.4154 8.06226912e-01
3216.1551 8.08420205e-01
3216.8950 7.81705604e-01
3217.6368 7.66346097e-01
3218.3770 7.56724186e-01
3219.1192 7.56997628e-01
3219.8597 7.32045240e-01
3220.6022 7.38202372e-01
3221.3431 7.40870824e-01
3222.0842 7.51684179e-01
3222.8272 7.47355671e-01
3223.5686 7.62033262e-01
3224.3119 7.86221352e-01
3225.0537 7.68203082e-01
3225.7974 7.84136477e-01
3226.5395 7.86018758e-01
3227.2817 8.13494802e-01
3228.0259 8.04403787e-01
3228.7685 8.06106887e-01
3229.5131 8.10573287e-01
3230.2560 8.11661286e-01
3231.0009 7.88959651e-01
3231.7442 7.82038198e-01
3232.4876 8.09403524e-01
3233.2331 8.11275215e-01
3233.9769 8.12619157e-01
3234.7226 8.13791718e-01
3235.4667 8.23038602e-01
3236.2128 8.22512980e-01
3236.9573 8.11145964e-01
3237.7020 8.13726387e-01
3238.4486 8.24618182e-01
3239.1936 7.97352338e-01
3239.9405 7.96859536e-01
3240.6859 7.75017500e-01
3241.4332 7.88817964e-01
3242.1789 7.87933393e-01
3242.9247 7.86606259e-01
3243.6725 7.94459887e-01
3244.4187 8.09078979e-01
3245.1669 8.05182366e-01
3245.9134 8.04622998e-01
3246.6619 8.10643506e-01
3247.4088 8.10908980e-01
3248.1559 8.32608776e-01
3248.9049 8.28213081e-01
3249.6523 8.31420312e-01
3250.4017 8.24652162e-01
3251.1494 8.29124122e-01
3251.8991 8.16026201e-01
3252.6472 8.09396191e-01
3253.3955 8.16903787e-01
3254.1457 8.34437699e-01
3254.8943 8.19321737e-01
3255.6449 8.18160191e-01
3256.3939 8.19879704e-01
3257.1448 8.27225108e-01
3257.8941 8.22571101e-01
3258.6454 8.16906238e-01
3259.3950 8.13779292e-01
3260.1448 8.33507509e-01
3260.8966 8.29659815e-01
3261.6468 8.16530266e-01
3262.3989 8.27872577e-01
3263.1494 8.13527384e-01
3263.9019 8.05747690e-01
3264.6527 7.88189526e-01
3265.4038 7.82508979e-01
3266.1568 7.77094102e-01
3266.9081 7.88781824e-01
3267.6615 7.89181814e-01
3268.4132 7.68815775e-01
3269.1669 7.55939107e-01
3269.9190 7.75306354e-01
3270.6712 8.08730555e-01
3271.4254 8.10333652e-01
3272.1780 8.53958988e-01
3272.9325 8.94623036e-01
3273.6855 8.96480508e-01
3274.4404 8.83864207e-01
3275.1937 8.79740767e-01
3275.9471 9.09800038e-01
3276.7025 9.09407048e-01
3277.4563 9.00431514e-01
3278.2121 8.61640306e-01
3278.9663 8.56076798e-01
3279.7224 8.19526024e-01
3280.4769 8.09144182e-01
3281.2316 8.11574545e-01
3281.9882 8.26921749e-01
3282.7432 8.26635532e-01
3283.5002 8.25771265e-01
3284.2556 8.76461377e-01
3285.0129 8.73128934e-01
3285.7686 8.98687320e-01
3286.5245 9.28024325e-01
3287.2824 9.42837038e-01
3288.0386 9.45935431e-01
3288.7968 9.39196315e-01
3289.5534 9.60152545e-01
3290.3120 9.69405951e-01
3291.0689 9.80533147e-01
3291.8260 9.72967973e-01
3292.5851 9.57161436e-01
3293.3426 9.33558187e-01
3294.1020 8.91936245e-01
3294.8598 8.79934936e-01
3295.6196 8.53294945e-01
3296.3777 8.44499803e-01
3297.1361 8.30591788e-01
3297.8964 8.19153924e-01
3298.6551 8.08580623e-01
3299.4157 7.83425889e-01
3300.1747 7.94602680e-01
3300.9358 7.93777080e-01
3301.6951 8.08321223e-01
3302.4547 8.16969280e-01
3303.2162 8.06782880e-01
3303.9761 8.05470695e-01
3304.7380 7.97183638e-01
3305.4983 7.84801402e-01
3306.2605 7.64920931e-01
3307.0211 7.62602544e-01
3307.7819 7.63601804e-01
3308.5447 7.41470661e-01
3309.3058 7.29008512e-01
3310.0689 7.08648124e-01
3310.8304 7.33522792e-01
3311.5938 7.48687191e-01
3312.3557 7.31024098e-01
3313.1177 7.44145651e-01
3313.8817 7.46669931e-01
3314.6440 7.39162421e-01
3315.4084 7.36814876e-01
3316.1711 7.79180694e-01
3316.9358 7.93527532e-01
3317.6988 8.09159384e-01
3318.4639 7.99865007e-01
3319.2273 7.96988831e-01
3319.9909 7.93143902e-01
3320.7565 8.05511436e-01
3321.5204 8.40211453e-01
3322.2863 8.61720548e-01
3323.0506 8.62835021e-01
3323.8169 8.76185393e-01
3324.5816 8.75248494e-01
3325.3464 8.54161215e-01
3326.1132 8.48057337e-01
3326.8784 8.49091349e-01
3327.6455 8.42334332e-01
3328.4110 8.10725522e-01
3329.1786 7.81864595e-01
3329.9444 7.68519459e-01
3330.7105 7.43210015e-01
3331.4786 7.14334273e-01
3332.2450 6.79681864e-01
3333.0134 7.11780820e-01
3333.7801 6.99419608e-01
3334.5489 6.80644245e-01
3335.3160 7.01736212e-01
3336.0833 7.01930189e-01
3336.8526 7.00627203e-01
3337.6202 6.97089734e-01
3338.3899 7.13153052e-01
3339.1578 7.12584367e-01
3339.9278 7.57058954e-01
3340.6962 7.39380298e-01
3341.4647 7.43398647e-01
3342.2352 7.35237885e-01
3343.0041 7.18409863e-01
3343.7750 7.17301083e-01
3344.5442 7.12194562e-01
3345.3155 7.02243776e-01
3346.0851 6.99323702e-01
3346.8548 7.06885853e-01
3347.6266 7.14804935e-01
3348.3967 7.21525712e-01
3349.1689 7.29177260e-01
3349.9393 7.54187160e-01
3350.7118 7.84449830e-01
3351.4827 8.09510274e-01
3352.2537 8.25575376e-01
3353.0267 8.33329983e-01
3353.7980 8.29438453e-01
3354.5714 8.48030076e-01
3355.3431 8.29383006e-01
3356.1169 8.34524283e-01
3356.8889 8.47024641e-01
3357.6612 8.21132078e-01
3358.4355 7.99029136e-01
3359.2081 7.59202070e-01
3359.9827 7.36656971e-01
3360.7556 7.46058764e-01
3361.5306 7.65626912e-01
3362.3039 7.44587841e-01
3363.0774 7.41288686e-01
3363.8530 7.16903944e-01
3364.6268 7.02098827e-01
3365.4027 7.36012425e-01
3366.1769 7.46983738e-01
3366.9531 7.55452609e-01
3367.7277 7.71391721e-01
3368.5024 7.25985856e-01
3369.2792 6.96214933e-01
3370.0543 7.10432773e-01
3370.8314 6.96067829e-01
3371.6069 7.13362083e-01
3372.3844 7.16672812e-01
3373.1602 7.02301407e-01
3373.9362 6.80316577e-01
3374.7142 7.59762378e-01
3375.4905 7.33443689e-01
3376.2689 7.81493721e-01
3377.0456 8.11684155e-01
3377.8244 8.09065862e-01
3378.6014 8.13482056e-01
3379.3805 8.25632854e-01
3380.1579 8.06275802e-01
3380.9355 8.21630940e-01
3381.7152 7.99617600e-01
3382.4931 7.74262176e-01
3383.2731 7.65534182e-01
3384.0515 7.73833151e-01
3384.8318 7.47329879e-01
3385.6105 7.22061076e-01
3386.3893 7.19697390e-01
3387.1702 6.88513646e-01
3387.9494 7.03223920e-01
3388.7307 6.56835117e-01
3389.5103 7.32289634e-01
3390.2919 6.35294476e-01
3391.0718 6.90573997e-01
3391.8519 6.64004912e-01
3392.6341 6.78686113e-01
3393.4146 6.99674492e-01
3394.1971 6.93839240e-01
3394.9779 7.46886864e-01
3395.7608 7.17914476e-01
3396.5420 8.10557237e-01
3397.3233 7.47079101e-01
3398.1068 7.98956728e-01
3398.8885 7.68869491e-01
3399.6723 7.66436210e-01
3400.4543 7.61409125e-01
3401.2385 7.48760638e-01
3402.0209 7.61311855e-01
3402.8036 7.14103160e-01
3403.5882 7.41239414e-01
3404.3712 6.73481464e-01
3405.1563 7.01630592e-01
3405.9396 7.02409062e-01
3406.7250 7.25757694e-01
3407.5087 7.69347997e-01
3408.2926 7.76330423e-01
3409.0786 7.72248483e-01
3409.8628 7.71964841e-01
3410.6491 7.69692888e-01
3411.4338 7.85766816e-01
3412.2204 8.17606683e-01
3413.0054 8.37380843e-01
3413.7906 8.48030920e-01
3414.5778 8.03162656e-01
3415.3633 7.79722304e-01
3416.1509 7.59805498e-01
3416.9367 7.53487554e-01
3417.7247 7.59929891e-01
3418.5109 7.62521720e-01
3419.2974 7.43824739e-01
3420.0858 7.15200534e-01
3420.8726 6.99573236e-01
3421.6615 6.90152869e-01
3422.4486 7.12196393e-01
3423.2378 7.12179141e-01
3424.0253 7.19859076e-01
3424.8130 7.14449787e-01
3425.6028 7.03988347e-01
3426.3908 6.91646304e-01
3427.1810 6.91905375e-01
3427.9694 6.74906054e-01
3428.7599 6.64874549e-01
3429.5486 6.53151855e-01
3430.3376 6.70524554e-01
3431.1286 6.45932193e-01
3431.9180 6.40675044e-01
3432.7093 6.44160209e-01
3433.4990 6.53310518e-01
3434.2908 6.72990875e-01
3435.0809 6.82035666e-01
3435.8711 7.03366251e-01
3436.6634 6.95361648e-01
3437.4540 7.08254056e-01
3438.2467 6.90080619e-01
3439.0376 7.08850279e-01
3439.8307 7.19800520e-01
3440.6220 7.15242877e-01
3441.4154 6.97020211e-01
3442.2071 6.89922624e-01
3442.9990 6.91426148e-01
3443.7929 6.88167257e-01
3444.5851 7.08357496e-01
3445.3795 6.98004007e-01
3446.1721 7.01672397e-01
3446.9667 6.92737017e-01
3447.7597 6.67409415e-01
3448.5529 6.85253596e-01
3449.3481 7.02856541e-01
3450.1416 7.32338009e-01
3450.9372 7.42873430e-01
3451.7311 7.28929224e-01
3452.5271 7.37726088e-01
3453.3213 7.41677985e-01
3454.1157 7.44478178e-01
3454.9122 7.31079917e-01
3455.7070 7.39703760e-01
3456.5039 7.22523832e-01
3457.2991 7.28061738e-01
3458.0963 6.85296392e-01
3458.8919 6.68930879e-01
3459.6876 6.97838035e-01
3460.4854 6.53116145e-01
3461.2815 6.42454557e-01
3462.0796 6.32231131e-01
3462.8761 6.56869159e-01
3463.6746 6.69917936e-01
3464.4714 6.86261635e-01
3465.2684 6.67107816e-01
3466.0675 6.87876787e-01
3466.8649 6.81175256e-01
3467.6643 6.67052670e-01
3468.4620 6.61001415e-01
3469.2619 6.87634845e-01
3470.0600 6.83701677e-01
3470.8582 6.84992952e-01
3471.6586 6.86886230e-01
3472.4573 6.55327301e-01
3473.2580 6.76721797e-01
3474.0570 6.77144327e-01
3474.8581 6.88173094e-01
3475.6575 6.79495425e-01
3476.4571 7.10367198e-01
3477.2587 6.76838059e-01
3478.0587 6.66089673e-01
3478.8607 6.51130605e-01
3479.6610 6.56414657e-01
3480.4634 6.88552456e-01
3481.2641 6.65819097e-01
3482.0650 6.50029650e-01
3482.8679 6.43616886e-01
3483.6692 6.61957474e-01
3484.4725 6.76797390e-01
3485.2741 6.96642637e-01
3486.0778 6.84644799e-01
3486.8797 6.95773125e-01
3487.6819 7.00964942e-01
3488.4861 7.22900953e-01
3489.2887 7.41695552e-01
