# Wavelength(A) Flux_density(10^{-16} erg/s^{-1}/cm^{-2}/A^{-1})
1443.5674 2.63742409e+00
1443.8995 1.63237743e+00
1444.2317 2.08600559e+00
1444.5647 2.70454082e+00
1444.8970 2.82200413e+00
1445.2302 2.19812374e+00
1445.5627 1.62333241e+00
1445.8960 2.39944038e+00
1446.2287 2.66592827e+00
1446.5614 1.61018105e+00
1446.8949 2.40509472e+00
1447.2278 3.29761925e+00
1447.5615 2.46865044e+00
1447.8945 1.46086702e+00
1448.2284 1.73912754e+00
1448.5616 2.39189320e+00
1448.8948 2.58430786e+00
1449.2289 3.18579922e+00
1449.5623 3.47987022e+00
1449.8966 2.39940834e+00
1450.2301 2.73570843e+00
1450.5646 2.85472603e+00
1450.8983 2.22930927e+00
1451.2328 2.02400055e+00
1451.5667 2.65776825e+00
1451.9006 2.57278843e+00
1452.2354 2.60608444e+00
1452.5695 2.99080524e+00
1452.9045 2.80073605e+00
1453.2387 2.35732803e+00
1453.5738 2.25555725e+00
1453.9082 1.80027885e+00
1454.2427 2.55224495e+00
1454.5780 3.09192505e+00
1454.9127 3.21569252e+00
1455.2482 2.89148788e+00
1455.5829 2.70949326e+00
1455.9186 2.78880291e+00
1456.2535 2.63418388e+00
1456.5885 2.44595375e+00
1456.9244 2.45066338e+00
1457.2596 1.89523888e+00
1457.5956 2.41601181e+00
1457.9309 3.09527702e+00
1458.2671 2.49996815e+00
1458.6026 2.27576790e+00
1458.9382 2.91609612e+00
1459.2746 3.17661800e+00
1459.6103 2.92493267e+00
1459.9469 2.79419193e+00
1460.2827 1.91858406e+00
1460.6195 2.99097805e+00
1460.9555 3.07301121e+00
1461.2916 2.47757339e+00
1461.6285 2.23882847e+00
1461.9648 2.35989876e+00
1462.3019 2.61309090e+00
1462.6383 2.69315395e+00
1462.9756 2.43311062e+00
1463.3121 2.89847145e+00
1463.6488 2.34927807e+00
1463.9863 2.67857151e+00
1464.3231 2.40972385e+00
1464.6608 2.30435791e+00
1464.9977 1.78965416e+00
1465.3355 1.75763168e+00
1465.6726 2.38838787e+00
1466.0098 2.35068951e+00
1466.3479 2.36270943e+00
1466.6852 3.12159557e+00
1467.0234 2.54684563e+00
1467.3609 3.25223351e+00
1467.6993 2.47087288e+00
1468.0369 2.81841927e+00
1468.3746 2.55698490e+00
1468.7132 2.05001678e+00
1469.0511 2.70720844e+00
1469.3899 2.95271854e+00
1469.7279 2.45603981e+00
1470.0668 2.80536423e+00
1470.4050 2.31910725e+00
1470.7433 2.80249290e+00
1471.0824 2.11585617e+00
1471.4208 1.43301754e+00
1471.7601 2.20716057e+00
1472.0987 2.81218815e+00
1472.4382 2.28753948e+00
1472.7769 2.31583500e+00
1473.1157 2.63807755e+00
1473.4554 2.13691521e+00
1473.7944 2.63727932e+00
1474.1342 2.20192909e+00
1474.4734 2.51576252e+00
1474.8134 2.44644966e+00
1475.1526 2.15832825e+00
1475.4920 2.37938976e+00
1475.8322 2.57425022e+00
1476.1718 2.30061893e+00
1476.5122 2.51237831e+00
1476.8518 2.90151882e+00
1477.1924 2.63287125e+00
1477.5322 2.19605827e+00
1477.8729 2.25530834e+00
1478.2129 2.36419277e+00
1478.5530 2.53080177e+00
1478.8939 2.52888508e+00
1479.2341 2.32760925e+00
1479.5753 2.71209602e+00
1479.9156 1.90933018e+00
1480.2569 2.72595882e+00
1480.5974 2.52814903e+00
1480.9380 2.58731956e+00
1481.2795 2.59664192e+00
1481.6203 2.34971352e+00
1481.9620 2.27294865e+00
1482.3029 2.50906773e+00
1482.6447 2.79070034e+00
1482.9858 2.90889740e+00
1483.3269 2.52642612e+00
1483.6690 2.44961967e+00
1484.0103 2.56195602e+00
1484.3525 2.77100124e+00
1484.6940 2.38617210e+00
1485.0364 2.85400734e+00
1485.3780 2.70815430e+00
1485.7197 2.00234222e+00
1486.0623 2.59320068e+00
1486.4042 2.63697491e+00
1486.7469 2.58089809e+00
1487.0890 2.37734585e+00
1487.4319 2.51762619e+00
1487.7741 2.93980103e+00
1488.1163 2.62774906e+00
1488.4595 2.36835670e+00
1488.8019 2.50468082e+00
1489.1452 2.60430603e+00
1489.4878 2.54808254e+00
1489.8313 2.37540817e+00
1490.1740 2.32054653e+00
1490.5168 2.53514271e+00
1490.8605 2.44871006e+00
1491.2035 2.60086746e+00
1491.5473 2.76060886e+00
1491.8905 2.81264687e+00
1492.2345 2.36452560e+00
1492.5778 1.99294376e+00
1492.9212 2.68022404e+00
1493.2654 2.97427559e+00
1493.6089 2.29390526e+00
1493.9534 1.85603523e+00
1494.2970 2.64740543e+00
1494.6416 2.96002350e+00
1494.9855 2.87755852e+00
1495.3294 3.00400734e+00
1495.6742 2.77342930e+00
1496.0183 2.52159004e+00
1496.3633 3.02734413e+00
1496.7075 2.43353405e+00
1497.0526 2.68907852e+00
1497.3970 2.86193752e+00
1497.7415 2.31401253e+00
1498.0869 2.27550812e+00
1498.4315 2.69368954e+00
1498.7771 2.93327961e+00
1499.1218 2.50151730e+00
1499.4675 1.99228973e+00
1499.8125 2.44851036e+00
1500.1575 3.08220520e+00
1500.5035 2.78786507e+00
1500.8486 2.06567326e+00
1501.1947 2.52704296e+00
1501.5401 2.55420799e+00
1501.8863 2.46751690e+00
1502.2318 2.50320950e+00
1502.5783 2.44971714e+00
1502.9239 2.30518494e+00
1503.2697 2.13784294e+00
1503.6163 1.89258461e+00
1503.9622 1.85612411e+00
1504.3090 1.76084595e+00
1504.6551 2.17693787e+00
1505.0021 2.16483727e+00
1505.3483 2.24137096e+00
1505.6946 2.41511517e+00
1506.0418 2.41005859e+00
1506.3883 2.32210865e+00
1506.7356 2.20938702e+00
1507.0823 2.25289955e+00
1507.4298 2.64200611e+00
1507.7766 2.68126183e+00
1508.1234 2.82101955e+00
1508.4712 2.04013100e+00
1508.8182 2.12717075e+00
1509.1662 2.12194099e+00
1509.5133 1.76246624e+00
1509.8614 2.08301926e+00
1510.2088 2.51037579e+00
1510.5562 1.91181679e+00
1510.9045 1.96754093e+00
1511.2521 2.08389797e+00
1511.6006 2.13738861e+00
1511.9483 2.51547298e+00
1512.2970 2.22695618e+00
1512.6449 2.46121674e+00
1512.9929 2.60216198e+00
1513.3418 2.24428558e+00
1513.6899 2.31943283e+00
1514.0390 2.22562428e+00
1514.3873 2.43750992e+00
1514.7365 2.33216629e+00
1515.0849 2.73132706e+00
1515.4335 2.41193752e+00
1515.7829 2.41681156e+00
1516.1316 2.41240177e+00
1516.4813 2.42306557e+00
1516.8301 2.51540184e+00
1517.1799 2.19231987e+00
1517.5289 2.00544968e+00
1517.8780 2.06599140e+00
1518.2280 2.42169094e+00
1518.5773 2.12777119e+00
1518.9275 2.34493504e+00
1519.2769 2.42617779e+00
1519.6273 2.22206516e+00
1519.9769 2.46867046e+00
1520.3265 2.72123051e+00
1520.6771 2.37876873e+00
1521.0269 2.53723564e+00
1521.3777 2.42060871e+00
1521.7277 2.44660702e+00
1522.0786 2.41599483e+00
1522.4287 2.51536999e+00
1522.7790 2.31841526e+00
1523.1301 2.43443089e+00
1523.4805 2.41758938e+00
1523.8318 2.32793655e+00
1524.1824 2.40540428e+00
1524.5338 2.16138840e+00
1524.8846 2.42434940e+00
1525.2354 2.39104233e+00
1525.5871 2.11761150e+00
1525.9380 2.56806488e+00
1526.2899 2.13487015e+00
1526.6410 2.74192181e+00
1526.9931 2.66610584e+00
1527.3444 1.96125679e+00
1527.6957 2.07807446e+00
1528.0480 2.25722237e+00
1528.3995 2.24000759e+00
1528.7520 2.14733009e+00
1529.1037 2.53552189e+00
1529.4563 1.91875248e+00
1529.8081 2.40162373e+00
1530.1609 2.12189598e+00
1530.5129 2.25297832e+00
1530.8650 2.39024601e+00
1531.2180 2.31978321e+00
1531.5703 2.96998882e+00
1531.9234 2.94166145e+00
1532.2759 2.47940979e+00
1532.6292 2.20185127e+00
1532.9818 1.95620918e+00
1533.3344 2.33341942e+00
1533.6880 2.54757442e+00
1534.0408 2.08947163e+00
1534.3946 2.17268658e+00
1534.7476 2.44931602e+00
1535.1015 2.30222054e+00
1535.4546 2.42245827e+00
1535.8079 2.16835918e+00
1536.1620 2.49200649e+00
1536.5154 2.46036148e+00
1536.8697 2.37924709e+00
1537.2233 2.25303516e+00
1537.5778 2.25052567e+00
1537.9315 2.15869160e+00
1538.2853 2.29523697e+00
1538.6400 2.41664829e+00
1538.9940 2.11546612e+00
1539.3489 2.16068268e+00
1539.7030 2.13308392e+00
1540.0580 2.07338219e+00
1540.4123 2.35436821e+00
1540.7667 2.19938278e+00
1541.1220 2.24614182e+00
1541.4765 2.51590118e+00
1541.8320 2.79969044e+00
1542.1867 2.50590820e+00
1542.5423 2.10621376e+00
1542.8972 2.49982147e+00
1543.2521 2.22735004e+00
1543.6080 2.21756382e+00
1543.9631 2.34583931e+00
1544.3191 2.26100960e+00
1544.6744 2.20395603e+00
1545.0306 2.50018883e+00
1545.3860 2.51289043e+00
1545.7415 2.13342800e+00
1546.0980 2.12261963e+00
1546.4536 2.39358215e+00
1546.8103 1.94136658e+00
1547.1661 2.13229580e+00
1547.5229 2.12228661e+00
1547.8789 2.14907856e+00
1548.2350 2.23422794e+00
1548.5920 2.18693886e+00
1548.9482 2.25346603e+00
1549.3054 2.03390102e+00
1549.6618 1.89450874e+00
1550.0192 2.04783478e+00
1550.3758 2.09696255e+00
1550.7324 2.36762142e+00
1551.0900 1.77714691e+00
1551.4468 2.04000645e+00
1551.8046 1.84107094e+00
1552.1616 2.12645016e+00
1552.5195 1.80443859e+00
1552.8767 1.88920631e+00
1553.2339 2.05810871e+00
1553.5921 2.05759888e+00
1553.9495 2.05709000e+00
1554.3078 2.05658112e+00
1554.6654 2.05607262e+00
1555.0239 2.05556450e+00
1555.3816 2.05505695e+00
1555.7394 2.05454960e+00
1556.0982 2.05404243e+00
1556.4562 2.05353603e+00
1556.8151 2.05302982e+00
1557.1732 2.05252380e+00
1557.5323 2.05201836e+00
1557.8906 2.05151329e+00
1558.2499 2.05100880e+00
1558.6083 2.05050430e+00
1558.9669 2.05000019e+00
1559.3264 2.04949684e+00
1559.6851 2.04899349e+00
1560.0448 2.04849033e+00
1560.4037 2.04798794e+00
1560.7635 2.04748592e+00
1561.1225 2.04698391e+00
1561.4817 2.04648247e+00
1561.8417 2.04598122e+00
1562.2010 2.04548092e+00
1562.5613 2.04498024e+00
1562.9207 2.04448032e+00
1563.2812 2.04398079e+00
1563.6408 2.04348145e+00
1564.0005 2.04298248e+00
1564.3612 2.04248390e+00
1564.7210 2.04198589e+00
1565.0819 2.04148788e+00
1565.4419 2.04099045e+00
1565.8029 2.04049339e+00
1566.1631 2.03999672e+00
1566.5234 2.03950005e+00
1566.8846 2.03900414e+00
1567.2451 2.03850822e+00
1567.6065 2.03801327e+00
1567.9671 2.03751812e+00
1568.3287 2.03702335e+00
1568.6895 2.03652935e+00
1569.0504 2.03603516e+00
1569.4122 2.03554153e+00
1569.7732 2.03504848e+00
1570.1352 2.03455563e+00
1570.4964 2.03406296e+00
1570.8586 2.03357067e+00
1571.2199 2.03307896e+00
1571.5814 2.03258762e+00
1571.9438 2.03209648e+00
1572.3054 2.03160553e+00
1572.6680 2.03111515e+00
1573.0298 2.03062515e+00
1573.3925 2.03013535e+00
1573.7545 1.67874031e+00
1574.1165 2.18805637e+00
1574.4795 1.76557007e+00
1574.8417 1.68349171e+00
1575.2049 1.77609901e+00
1575.5672 1.77013264e+00
1575.9306 1.81939125e+00
1576.2931 1.91879940e+00
1576.6557 2.22106705e+00
1577.0193 2.15744686e+00
1577.3821 1.77619095e+00
1577.7458 2.01958542e+00
1578.1088 2.10187511e+00
1578.4727 1.92874908e+00
1578.8358 1.90988865e+00
1579.1990 2.04536324e+00
1579.5632 1.94797840e+00
1579.9266 2.08125343e+00
1580.2909 2.05448494e+00
1580.6544 1.91562843e+00
1581.0189 1.75413742e+00
1581.3826 1.78075104e+00
1581.7464 2.05295219e+00
1582.1112 1.96787930e+00
1582.4751 2.24240761e+00
1582.8401 2.25503807e+00
1583.2042 1.93774757e+00
1583.5693 1.74895878e+00
1583.9336 1.92757816e+00
1584.2980 1.81700077e+00
1584.6633 2.09730740e+00
1585.0278 2.12083454e+00
1585.3933 1.78869686e+00
1585.7581 2.13037739e+00
1586.1237 2.25665493e+00
1586.4886 2.13439426e+00
1586.8545 2.00121937e+00
1587.2195 2.26346760e+00
1587.5847 2.06740608e+00
1587.9507 2.01264744e+00
1588.3161 1.92676163e+00
1588.6823 2.10644131e+00
1589.0478 2.10214920e+00
1589.4142 2.01070251e+00
1589.7799 2.26499634e+00
1590.1456 2.05986099e+00
1590.5123 1.97553959e+00
1590.8782 2.28907051e+00
1591.2450 1.95751514e+00
1591.6111 2.27082005e+00
1591.9781 2.17422523e+00
1592.3443 2.12929878e+00
1592.7107 1.94853401e+00
1593.0779 1.82221432e+00
1593.4444 1.78264694e+00
1593.8119 1.79454937e+00
1594.1785 2.08348942e+00
1594.5461 2.09847908e+00
1594.9130 1.93292294e+00
1595.2799 2.08652020e+00
1595.6477 1.73851395e+00
1596.0148 1.80042248e+00
1596.3828 2.16854801e+00
1596.7501 1.89085388e+00
1597.1183 2.06783848e+00
1597.4857 2.15790749e+00
1597.8532 1.82244129e+00
1598.2217 1.91963177e+00
1598.5893 1.64073868e+00
1598.9580 1.92383900e+00
1599.3258 2.09132652e+00
1599.6946 1.98222179e+00
1600.0626 2.15203037e+00
1600.4307 1.99342632e+00
1600.7998 2.02651939e+00
1601.1680 2.08256226e+00
1601.5373 1.96699829e+00
1601.9057 1.96816921e+00
1602.2751 2.11207638e+00
1602.6437 2.06351051e+00
1603.0124 1.94758778e+00
1603.3820 1.93358974e+00
1603.7509 2.56238956e+00
1604.1207 2.10834465e+00
1604.4897 1.88422737e+00
1604.8597 1.88967819e+00
1605.2289 1.83108101e+00
1605.5982 1.94346313e+00
1605.9684 2.25400620e+00
1606.3379 2.20450783e+00
1606.7083 1.85603714e+00
1607.0779 2.04499893e+00
1607.4485 2.10991173e+00
1607.8183 2.05575962e+00
1608.1882 2.42879696e+00
1608.5590 2.10289822e+00
1608.9291 2.29274292e+00
1609.3001 1.96414204e+00
1609.6703 2.12403393e+00
1610.0415 2.21723690e+00
1610.4119 2.03960934e+00
1610.7824 1.96092739e+00
1611.1538 1.87838974e+00
1611.5244 2.13445988e+00
1611.8961 1.97843494e+00
1612.2669 2.16752796e+00
1612.6387 2.38280964e+00
1613.0096 2.04063778e+00
1613.3807 2.21684380e+00
1613.7528 2.12153549e+00
1614.1240 2.29292946e+00
1614.4962 2.60612621e+00
1614.8676 2.39734859e+00
1615.2400 1.93635902e+00
1615.6116 1.85536957e+00
1615.9842 1.97756329e+00
1616.3559 1.95198650e+00
1616.7277 2.04832287e+00
1617.1006 2.15875854e+00
1617.4726 1.91253986e+00
1617.8456 1.81718006e+00
1618.2177 1.82127762e+00
1618.5909 2.06213493e+00
1618.9633 2.02552414e+00
1619.3357 1.84473133e+00
1619.7091 1.94040298e+00
1620.0817 2.04658966e+00
1620.4553 2.08963356e+00
1620.8281 1.97942219e+00
1621.2019 2.18189240e+00
1621.5748 2.18477688e+00
1621.9478 2.09543114e+00
1622.3219 2.10872269e+00
1622.6951 1.98883190e+00
1623.0693 1.97864609e+00
1623.4427 2.09724693e+00
1623.8170 2.15548916e+00
1624.1906 2.23672066e+00
1624.5642 2.12184982e+00
1624.9388 1.54076128e+00
1625.3127 2.03699512e+00
1625.6874 1.84100742e+00
1626.0614 2.33546677e+00
1626.4364 2.13383713e+00
1626.8106 2.02004051e+00
1627.1848 2.09604244e+00
1627.5600 2.00358124e+00
1627.9344 1.96705513e+00
1628.3098 2.06144028e+00
1628.6844 2.01761131e+00
1629.0600 1.96575165e+00
1629.4348 2.15530167e+00
1629.8096 2.07576561e+00
1630.1854 2.19186897e+00
1630.5605 2.13936253e+00
1630.9365 2.08247833e+00
1631.3117 2.16145573e+00
1631.6878 2.06502533e+00
1632.0632 2.07666512e+00
1632.4387 2.03247375e+00
1632.8151 2.06797333e+00
1633.1907 2.14580841e+00
1633.5673 2.07563457e+00
1633.9431 2.25786572e+00
1634.3199 2.15373650e+00
1634.6959 1.98107510e+00
1635.0720 2.08773499e+00
1635.4490 1.93926315e+00
1635.8252 1.90852222e+00
1636.2025 1.92728634e+00
1636.5789 2.18685284e+00
1636.9563 2.24145470e+00
1637.3328 2.31389008e+00
1637.7095 2.37728405e+00
1638.0871 2.10648804e+00
1638.4640 2.03081989e+00
1638.8418 2.21737251e+00
1639.2188 2.19440460e+00
1639.5968 1.99851494e+00
1639.9740 2.01438046e+00
1640.3513 2.19227409e+00
1640.7296 2.03758316e+00
1641.1070 1.92055092e+00
1641.4854 1.80863876e+00
1641.8631 2.14111519e+00
1642.2417 2.29430828e+00
1642.6195 2.05855827e+00
1642.9973 2.10093594e+00
1643.3762 1.92116890e+00
1643.7543 2.05499706e+00
1644.1333 2.18004951e+00
1644.5115 2.10694065e+00
1644.8908 2.16089573e+00
1645.2692 2.35008965e+00
1645.6486 1.99372597e+00
1646.0271 1.96380539e+00
1646.4058 2.18375740e+00
1646.7855 2.22860622e+00
1647.1643 2.07832413e+00
1647.5441 1.92989826e+00
1647.9232 2.07693939e+00
1648.3032 2.26284389e+00
1648.6824 1.77928257e+00
1649.0616 1.92546558e+00
1649.4419 1.89789200e+00
1649.8214 2.13923950e+00
1650.2018 2.23548412e+00
1650.5814 1.99860134e+00
1650.9621 2.06767025e+00
1651.3419 1.84573669e+00
1651.7217 1.96868458e+00
1652.1026 2.19690266e+00
1652.4827 1.83235989e+00
1652.8637 2.03298702e+00
1653.2440 2.07005615e+00
1653.6252 1.86050758e+00
1654.0056 1.97404766e+00
1654.3861 2.38966370e+00
1654.7676 2.14309769e+00
1655.1483 2.05249252e+00
1655.5300 1.96823883e+00
1655.9108 2.26467190e+00
1656.2927 2.39963589e+00
1656.6737 1.94120388e+00
1657.0548 1.69584236e+00
1657.4369 2.22701225e+00
1657.8182 2.44573574e+00
1658.2005 1.88959351e+00
1658.5820 1.74807739e+00
1658.9645 2.02222080e+00
1659.3461 2.10764523e+00
1659.7278 2.03173447e+00
1660.1106 2.10463581e+00
1660.4925 1.97090015e+00
1660.8754 1.97510967e+00
1661.2575 1.97796154e+00
1661.6405 1.92525177e+00
1662.0228 2.08189106e+00
1662.4051 2.12460613e+00
1662.7885 1.78734856e+00
1663.1710 1.88731728e+00
1663.5545 2.21781178e+00
1663.9372 2.11463604e+00
1664.3209 2.01775837e+00
1664.7038 2.16750832e+00
1665.0868 1.94825039e+00
1665.4707 1.96316166e+00
1665.8539 2.29778767e+00
1666.2380 2.01552582e+00
1666.6213 1.82631721e+00
1667.0057 2.00809784e+00
1667.3891 1.93944588e+00
1667.7727 1.95711327e+00
1668.1573 2.00331879e+00
1668.5411 2.14741135e+00
1668.9258 1.97744312e+00
1669.3098 2.25740280e+00
1669.6947 1.99231682e+00
1670.0788 2.13046608e+00
1670.4630 2.03664398e+00
1670.8482 1.92544575e+00
1671.2326 2.02075195e+00
1671.6180 1.95119991e+00
1672.0025 1.81352749e+00
1672.3881 1.76772804e+00
1672.7728 1.94475918e+00
1673.1576 2.25808563e+00
1673.5435 1.80419655e+00
1673.9285 2.11069736e+00
1674.3145 1.80952454e+00
1674.6996 2.02519798e+00
1675.0858 2.00541363e+00
1675.4712 2.05773449e+00
1675.8575 2.01936665e+00
1676.2431 1.77674179e+00
1676.6287 1.92104568e+00
1677.0153 1.82343712e+00
1677.4011 1.81737556e+00
1677.7879 2.07673283e+00
1678.1739 1.77965851e+00
1678.5609 2.04665928e+00
1678.9470 1.84223270e+00
1679.3333 1.80111599e+00
1679.7205 2.23568897e+00
1680.1069 2.13255882e+00
1680.4944 1.83806419e+00
1680.8809 1.89946728e+00
1681.2686 2.15192089e+00
1681.6553 2.07759953e+00
1682.0422 2.02846947e+00
1682.4301 2.11298771e+00
1682.8171 1.97597389e+00
1683.2052 1.78106594e+00
1683.5924 1.95319214e+00
1683.9806 2.00535603e+00
1684.3680 1.72009563e+00
1684.7555 1.73179817e+00
1685.1440 1.88406506e+00
1685.5317 1.90703773e+00
1685.9203 2.12436676e+00
1686.3082 1.98102016e+00
1686.6970 1.64605255e+00
1687.0851 1.79935360e+00
1687.4732 1.93950443e+00
1687.8623 1.94435253e+00
1688.2506 1.92994804e+00
1688.6399 1.83721733e+00
1689.0284 1.89923420e+00
1689.4179 2.01692467e+00
1689.8065 2.11858311e+00
1690.1952 1.86410847e+00
1690.5850 2.22606564e+00
1690.9739 1.98497334e+00
1691.3639 1.88671341e+00
1691.7529 1.86631107e+00
1692.1431 1.69202766e+00
1692.5323 1.79579601e+00
1692.9217 1.82504654e+00
1693.3121 1.90278358e+00
1693.7016 1.97761993e+00
1694.0922 1.78563271e+00
1694.4819 1.71060104e+00
1694.8727 1.76543827e+00
1695.2626 1.88803043e+00
1695.6526 1.81702461e+00
1696.0436 1.64432335e+00
1696.4337 1.98841190e+00
1696.8249 2.20032177e+00
1697.2153 1.97163677e+00
1697.6067 1.81527710e+00
1697.9972 1.95943184e+00
1698.3878 1.92954121e+00
1698.7795 1.89980545e+00
1699.1703 1.96557980e+00
1699.5621 1.92669010e+00
1699.9531 1.80976467e+00
1700.3451 1.84676857e+00
1700.7362 2.11930046e+00
1701.1275 1.76319523e+00
1701.5198 1.73230171e+00
1701.9112 1.64915142e+00
1702.3037 1.95936642e+00
1702.6953 1.88255482e+00
1703.0879 1.73658943e+00
1703.4797 1.98812847e+00
1703.8716 2.22610531e+00
1704.2645 1.77432442e+00
1704.6566 1.72081699e+00
1705.0496 1.99210949e+00
1705.4419 1.75896873e+00
1705.8352 1.80865154e+00
1706.2276 1.99098930e+00
1706.6210 2.00115452e+00
1707.0136 2.22294483e+00
1707.4063 2.06901207e+00
1707.8001 2.08524284e+00
1708.1929 1.81113186e+00
1708.5869 1.97976151e+00
1708.9799 2.11288052e+00
1709.3740 2.03913021e+00
1709.7672 2.03298225e+00
1710.1606 2.00321903e+00
1710.5549 1.98550282e+00
1710.9484 1.96120453e+00
1711.3430 1.90758839e+00
1711.7367 2.11852055e+00
1712.1314 2.30200615e+00
1712.5253 1.87997608e+00
1712.9192 2.00119724e+00
1713.3142 2.11317425e+00
1713.7084 2.20444012e+00
1714.1035 2.13181705e+00
1714.4979 2.06087933e+00
1714.8932 1.92380581e+00
1715.2877 1.77579327e+00
1715.6823 1.90555382e+00
1716.0780 1.64029484e+00
1716.4728 1.47312393e+00
1716.8686 1.86290169e+00
1717.2635 2.01308174e+00
1717.6595 1.79245968e+00
1718.0547 1.76081982e+00
1718.4499 1.50023899e+00
1718.8462 1.93520451e+00
1719.2416 1.49468327e+00
1719.6381 1.85466728e+00
1720.0337 1.85465469e+00
1720.4303 1.96985836e+00
1720.8261 1.77953434e+00
1721.2219 2.11626530e+00
1721.6189 2.14730816e+00
1722.0149 1.82380619e+00
1722.4120 1.82361526e+00
1722.8082 1.96498871e+00
1723.2055 1.95577660e+00
1723.6019 2.01822128e+00
1723.9985 1.97277222e+00
1724.3960 1.85252972e+00
1724.7927 2.23628559e+00
1725.1904 1.93985195e+00
1725.5873 1.92869968e+00
1725.9852 2.22247887e+00
1726.3823 1.92217865e+00
1726.7794 1.89913464e+00
1727.1776 2.30908432e+00
1727.5750 2.05419693e+00
1727.9733 1.67176762e+00
1728.3709 1.76329498e+00
1728.7694 2.03912258e+00
1729.1671 1.83635082e+00
1729.5649 1.69192028e+00
1729.9637 1.88397045e+00
1730.3617 1.80896969e+00
1730.7607 1.98465462e+00
1731.1589 1.80400982e+00
1731.5581 1.90945301e+00
1731.9564 1.63637848e+00
1732.3549 2.38972340e+00
1732.7544 1.93725510e+00
1733.1530 1.79251995e+00
1733.5526 1.81447716e+00
1733.9514 1.75394764e+00
1734.3513 2.01342449e+00
1734.7503 1.80832748e+00
1735.1503 1.85714684e+00
1735.5495 1.95762577e+00
1735.9487 1.99813480e+00
1736.3490 2.06417580e+00
1736.7485 1.79306698e+00
1737.1490 2.04811134e+00
1737.5486 1.77804737e+00
1737.9493 2.01147251e+00
1738.3491 1.81124592e+00
1738.7490 2.32460136e+00
1739.1499 2.21636772e+00
1739.5500 1.83511562e+00
1739.9512 2.01359444e+00
1740.3514 1.87012787e+00
1740.7528 1.75900650e+00
1741.1532 1.64801369e+00
1741.5538 1.71291676e+00
1741.9554 1.99390450e+00
1742.3561 1.89392967e+00
1742.7579 1.69494877e+00
1743.1588 1.92396202e+00
1743.5608 1.85630665e+00
1743.9619 1.76491184e+00
1744.3631 1.94814301e+00
1744.7653 1.92184849e+00
1745.1667 1.89859600e+00
1745.5691 1.88950863e+00
1745.9707 1.74239788e+00
1746.3733 1.72206974e+00
1746.7751 1.66472073e+00
1747.1769 1.90441666e+00
1747.5798 1.69585533e+00
1747.9818 1.77681160e+00
1748.3849 1.83931160e+00
1748.7871 1.85986557e+00
1749.1904 1.92884521e+00
1749.5928 1.85509930e+00
1749.9953 2.03191414e+00
1750.3988 2.25449295e+00
1750.8015 1.94702740e+00
1751.2052 1.68818169e+00
1751.6081 1.79161377e+00
1752.0120 1.57443790e+00
1752.4151 1.68716946e+00
1752.8182 2.07073383e+00
1753.2224 1.89264469e+00
1753.6257 1.90473480e+00
1754.0301 2.03281727e+00
1754.4336 1.84529514e+00
1754.8382 1.88974304e+00
1755.2419 1.97250919e+00
1755.6457 1.85491505e+00
1756.0505 1.72935066e+00
1756.4545 1.75521355e+00
1756.8595 1.84170818e+00
1757.2637 1.85290127e+00
1757.6689 1.84549637e+00
1758.0733 1.78227882e+00
1758.4777 1.73323154e+00
1758.8832 2.28789864e+00
1759.2878 2.12480793e+00
1759.6935 1.80534782e+00
1760.0983 1.87075310e+00
1760.5042 1.55246077e+00
1760.9092 1.76789112e+00
1761.3143 1.83131924e+00
1761.7205 1.82563152e+00
1762.1258 1.79177208e+00
1762.5321 1.83271332e+00
1762.9376 1.80984230e+00
1763.3441 1.70845737e+00
1763.7498 1.65951080e+00
1764.1555 1.63889408e+00
1764.5623 1.66753979e+00
1764.9682 1.79180088e+00
1765.3752 2.06505413e+00
1765.7814 2.16060123e+00
1766.1885 1.77866096e+00
1766.5949 1.69987946e+00
1767.0022 1.84402962e+00
1767.4087 1.89783916e+00
1767.8153 2.04327431e+00
1768.2230 1.87583618e+00
1768.6298 1.73994751e+00
1769.0376 1.88624668e+00
1769.4446 1.96119938e+00
1769.8526 1.79202938e+00
1770.2597 1.94849453e+00
1770.6670 2.01522598e+00
1771.0753 1.81982059e+00
1771.4827 1.93324356e+00
1771.8912 1.92014256e+00
1772.2989 1.71149902e+00
1772.7075 1.88752823e+00
1773.1153 1.68027649e+00
1773.5233 1.76052933e+00
1773.9322 1.81909599e+00
1774.3403 1.64338837e+00
1774.7495 1.92936859e+00
1775.1578 1.93122063e+00
1775.5671 1.84898834e+00
1775.9756 1.83209114e+00
1776.3841 1.85806313e+00
1776.7938 1.59446583e+00
1777.2025 1.83822708e+00
1777.6123 1.94059906e+00
1778.0213 1.97130413e+00
1778.4313 1.93553543e+00
1778.8404 1.90427380e+00
1779.2496 1.96938267e+00
1779.6599 1.83184509e+00
1780.0693 1.86172447e+00
1780.4798 2.07801342e+00
1780.8894 1.89942532e+00
1781.3001 1.98075390e+00
1781.7098 1.94619446e+00
1782.1197 1.93783035e+00
1782.5307 1.83718014e+00
1782.9407 1.98845577e+00
1783.3519 2.02342129e+00
1783.7621 1.68889313e+00
1784.1735 1.77560768e+00
1784.5839 1.90727787e+00
1784.9945 2.03104515e+00
1785.4061 2.00057430e+00
1785.8168 2.05956802e+00
1786.2286 2.02559509e+00
1786.6395 1.97773438e+00
1787.0515 1.88184357e+00
1787.4626 1.80746937e+00
1787.8738 1.95309525e+00
1788.2861 1.88454266e+00
1788.6975 1.82143173e+00
1789.1100 2.00628052e+00
1789.5216 1.72872620e+00
1789.9342 1.26506653e+00
1790.3460 1.89331188e+00
1790.7579 1.92601013e+00
1791.1708 1.97064476e+00
1791.5829 1.83634853e+00
1791.9960 1.64330387e+00
1792.4083 2.16983604e+00
1792.8216 1.91339874e+00
1793.2340 1.88871975e+00
1793.6465 1.78801250e+00
1794.0602 1.89267445e+00
1794.4729 1.80959034e+00
1794.8867 1.72398834e+00
1795.2996 1.76729374e+00
1795.7136 1.75236626e+00
1796.1267 1.92568607e+00
1796.5399 1.97708416e+00
1796.9542 1.74342232e+00
1797.3675 1.81989727e+00
1797.7820 1.63881683e+00
1798.1956 1.74471588e+00
1798.6103 1.66432209e+00
1799.0240 1.83942947e+00
1799.4389 1.85428925e+00
1799.8528 1.84682026e+00
1800.2669 1.81852112e+00
1800.6820 1.63397770e+00
1801.0963 1.82353725e+00
1801.5116 1.61190929e+00
1801.9260 1.82580528e+00
1802.3415 1.78328705e+00
1802.7562 1.75817890e+00
1803.1709 1.91603947e+00
1803.5867 1.75172176e+00
1804.0016 1.83006458e+00
1804.4176 1.94009476e+00
1804.8327 1.85974007e+00
1805.2489 1.83814430e+00
1805.6642 1.73934383e+00
1806.0796 1.96445026e+00
1806.4961 1.88833084e+00
1806.9117 1.88302670e+00
1807.3283 1.88379745e+00
1807.7441 1.88554173e+00
1808.1610 1.76351051e+00
1808.5769 1.73685989e+00
1808.9930 1.82495289e+00
1809.4101 1.79466667e+00
1809.8264 1.89864388e+00
1810.2437 1.67748451e+00
1810.6602 1.88069592e+00
1811.0777 2.01901474e+00
1811.4943 2.05294132e+00
1811.9111 1.91234627e+00
1812.3289 1.71634331e+00
1812.7458 1.71681519e+00
1813.1638 1.73250027e+00
1813.5810 1.77248363e+00
1813.9992 1.90069695e+00
1814.4165 1.90916138e+00
1814.8339 1.82629337e+00
1815.2524 1.98288784e+00
1815.6700 2.04011936e+00
1816.0887 1.56267643e+00
1816.5064 1.76821995e+00
1816.9253 2.08083019e+00
1817.3433 1.60130463e+00
1817.7614 1.88420792e+00
1818.1806 1.69660015e+00
1818.5988 1.59895325e+00
1819.0182 1.73340836e+00
1819.4367 1.85468044e+00
1819.8562 2.04214802e+00
1820.2749 1.81787910e+00
1820.6936 1.76219559e+00
1821.1135 1.88430271e+00
1821.5324 1.84250813e+00
1821.9525 1.85236473e+00
1822.3716 1.82619839e+00
1822.7918 1.72825699e+00
1823.2112 1.74717407e+00
1823.6306 1.74776115e+00
1824.0511 1.75675678e+00
1824.4707 1.72785034e+00
1824.8915 1.64833031e+00
1825.3113 1.65968971e+00
1825.7322 1.65863590e+00
1826.1522 1.92459393e+00
1826.5723 1.90327187e+00
1826.9935 1.64811821e+00
1827.4138 1.87185631e+00
1827.8352 1.89833412e+00
1828.2557 1.86743355e+00
1828.6773 1.68831253e+00
1829.0980 1.66142349e+00
1829.5187 1.70154381e+00
1829.9406 1.81509304e+00
1830.3616 1.81480694e+00
1830.7837 1.75423641e+00
1831.2048 1.82284737e+00
1831.6271 1.73858242e+00
1832.0485 1.88697319e+00
1832.4709 1.96763592e+00
1832.8925 1.67729244e+00
1833.3142 1.85419025e+00
1833.7369 1.59486609e+00
1834.1588 1.63009529e+00
1834.5817 1.77431946e+00
1835.0038 1.80540752e+00
1835.4269 2.07768879e+00
1835.8491 2.01891785e+00
1836.2715 1.96009846e+00
1836.6949 1.85572739e+00
1837.1174 1.93959141e+00
1837.5411 1.84965935e+00
1837.9638 1.80141106e+00
1838.3876 2.02618809e+00
1838.8106 1.58326130e+00
1839.2336 1.71463623e+00
1839.6577 1.80367222e+00
1840.0809 1.85288219e+00
1840.5052 1.59886522e+00
1840.9286 1.78231144e+00
1841.3531 1.70554943e+00
1841.7767 1.95834465e+00
1842.2004 1.52242956e+00
1842.6253 1.88028297e+00
1843.0491 1.81823025e+00
1843.4741 1.57987585e+00
1843.8982 1.80206642e+00
1844.3234 1.78874397e+00
1844.7477 1.79403553e+00
1845.1721 1.86420326e+00
1845.5976 1.68765678e+00
1846.0222 1.80804958e+00
1846.4479 1.90607071e+00
1846.8726 1.77054291e+00
1847.2985 1.65890331e+00
1847.7235 1.61526337e+00
1848.1486 1.79986401e+00
1848.5747 1.80935802e+00
1849.0000 1.69859562e+00
1849.4264 1.60976505e+00
1849.8518 1.57383022e+00
1850.2784 1.51091824e+00
1850.7041 1.55980721e+00
1851.1298 2.10188656e+00
1851.5567 1.85699959e+00
1851.9826 1.85457153e+00
1852.4097 1.75462360e+00
1852.8358 1.72185535e+00
1853.2631 1.81968632e+00
1853.6894 1.49872370e+00
1854.1159 1.73459511e+00
1854.5434 1.78125992e+00
1854.9701 1.67715435e+00
1855.3978 1.88818111e+00
1855.8246 1.96787357e+00
1856.2526 1.81691875e+00
1856.6796 1.83303204e+00
1857.1067 1.72477589e+00
1857.5350 1.81354961e+00
1857.9623 2.06197720e+00
1858.3908 1.73360329e+00
1858.8183 1.68498993e+00
1859.2469 1.87120228e+00
1859.6746 1.64638329e+00
1860.1024 1.72141018e+00
1860.5314 1.84148579e+00
1860.9594 1.67411900e+00
1861.3885 1.78161716e+00
1861.8167 1.75434704e+00
1862.2461 1.86567841e+00
1862.6745 1.72322655e+00
1863.1030 1.57887506e+00
1863.5326 1.74438038e+00
1863.9613 1.55716724e+00
1864.3911 1.75893269e+00
1864.8200 1.72271080e+00
1865.2501 1.73786869e+00
1865.6792 1.69862747e+00
1866.1094 1.78183174e+00
1866.5387 1.73704033e+00
1866.9681 1.68877640e+00
1867.3986 1.57744942e+00
1867.8282 1.72822018e+00
1868.2589 1.60158596e+00
1868.6887 1.84625149e+00
1869.1196 1.75667381e+00
1869.5496 1.60515690e+00
1869.9797 1.63523521e+00
1870.4109 1.84842148e+00
1870.8412 1.76085911e+00
1871.2726 1.62513084e+00
1871.7031 1.75331478e+00
1872.1347 1.72570686e+00
1872.5654 1.73772411e+00
1872.9962 1.90624352e+00
1873.4281 1.82342777e+00
1873.8590 1.74677467e+00
1874.2912 1.68756504e+00
1874.7223 1.65649071e+00
1875.1546 1.75991688e+00
1875.5860 1.72366714e+00
1876.0175 1.70375061e+00
1876.4501 1.72851086e+00
1876.8818 1.72852554e+00
1877.3146 1.78853378e+00
1877.7464 1.83635101e+00
1878.1795 1.91039505e+00
1878.6115 1.55853672e+00
1879.0437 1.79282246e+00
1879.4770 1.68581810e+00
1879.9094 1.70055256e+00
1880.3429 1.49837303e+00
1880.7754 1.61775036e+00
1881.2091 1.86328449e+00
1881.6419 1.62848721e+00
1882.0748 1.45916128e+00
1882.5088 1.71600819e+00
1882.9419 1.77748432e+00
1883.3761 1.76336632e+00
1883.8093 1.62438831e+00
1884.2437 1.88802948e+00
1884.6772 1.75289555e+00
1885.1108 1.55689487e+00
1885.5455 1.74831657e+00
1885.9792 1.57337828e+00
1886.4141 1.63003254e+00
1886.8481 1.51403618e+00
1887.2832 1.53401814e+00
1887.7174 1.56961002e+00
1888.1516 1.67533188e+00
1888.5870 1.67269020e+00
1889.0215 1.69647446e+00
1889.4571 1.61939678e+00
1889.8918 1.73511696e+00
1890.3276 1.74741058e+00
1890.7625 1.68756676e+00
1891.1974 1.77219772e+00
1891.6335 1.78555107e+00
1892.0687 1.77924252e+00
1892.5050 1.74980164e+00
1892.9404 1.74894466e+00
1893.3769 1.66229839e+00
1893.8124 1.60516243e+00
1894.2481 1.76859245e+00
1894.6849 1.68170605e+00
1895.1208 1.69899044e+00
1895.5578 1.65820503e+00
1895.9939 1.77183704e+00
1896.4311 1.74752254e+00
1896.8674 1.66436863e+00
1897.3037 1.52361555e+00
1897.7412 1.68486919e+00
1898.1778 1.74410763e+00
1898.6155 1.68078308e+00
1899.0523 1.57946978e+00
1899.4902 1.66782722e+00
1899.9272 1.40982761e+00
1900.3653 1.80741119e+00
1900.8025 1.74240189e+00
1901.2398 1.68178158e+00
1901.6782 1.64316368e+00
1902.1157 1.67251110e+00
1902.5543 1.59273653e+00
1902.9920 1.70074368e+00
1903.4308 1.73613529e+00
1903.8687 1.74376431e+00
1904.3067 1.67660732e+00
1904.7458 1.62783585e+00
1905.1840 1.60145454e+00
1905.6233 1.85536785e+00
1906.0617 1.54764147e+00
1906.5012 1.63670883e+00
1906.9398 1.62841167e+00
1907.3785 1.68957272e+00
1907.8183 1.53961868e+00
1908.2572 1.50767250e+00
1908.6973 1.36079655e+00
1909.1364 1.73604469e+00
1909.5766 1.70716057e+00
1910.0159 1.56774092e+00
1910.4553 1.58071003e+00
1910.8959 1.55494871e+00
1911.3355 1.71973019e+00
1911.7762 1.66669083e+00
1912.2160 1.78452797e+00
1912.6570 1.75666447e+00
1913.0970 1.61607895e+00
1913.5371 1.67241364e+00
1913.9783 1.76525288e+00
1914.4186 1.59685621e+00
1914.8601 1.58417101e+00
1915.3006 1.58614473e+00
1915.7423 1.55023394e+00
1916.1830 1.66645031e+00
1916.6238 1.66182804e+00
1917.0658 1.56981268e+00
1917.5068 1.53465176e+00
1917.9490 1.67519989e+00
1918.3902 1.46925707e+00
1918.8326 1.45440969e+00
1919.2740 1.39170151e+00
1919.7155 1.52708158e+00
1920.1582 1.54147749e+00
1920.5999 1.57092905e+00
1921.0428 1.63129101e+00
1921.4847 1.51023178e+00
1921.9278 1.51747503e+00
1922.3700 1.58008757e+00
1922.8122 1.62687931e+00
1923.2556 1.53636227e+00
1923.6980 1.47333918e+00
1924.1416 1.44334764e+00
1924.5843 1.58638391e+00
1925.0281 1.63936520e+00
1925.4709 1.58771515e+00
1925.9139 1.61660500e+00
1926.3580 1.57838764e+00
1926.8012 1.52512636e+00
1927.2455 1.52111731e+00
1927.6888 1.50680532e+00
1928.1334 1.58554621e+00
1928.5769 1.56203957e+00
1929.0206 1.53361092e+00
1929.4654 1.42581787e+00
1929.9093 1.63272324e+00
1930.3543 1.42241344e+00
1930.7984 1.54235086e+00
1931.2436 1.48884649e+00
1931.6879 1.62752781e+00
1932.1323 1.77841339e+00
1932.5778 1.45057812e+00
1933.0224 1.50796146e+00
1933.4682 1.51981993e+00
1933.9130 1.42491255e+00
1934.3589 1.44169989e+00
1934.8039 1.60590458e+00
1935.2501 1.65985889e+00
1935.6953 1.41175947e+00
1936.1406 1.52965145e+00
1936.5871 1.51031570e+00
1937.0326 1.54161701e+00
1937.4792 1.43675022e+00
1937.9250 1.45732126e+00
1938.3718 1.65178833e+00
1938.8178 1.54901428e+00
1939.2638 1.69441643e+00
1939.7110 1.67020893e+00
1940.1572 1.43651342e+00
1940.6046 1.56822996e+00
1941.0510 1.62567883e+00
1941.4986 1.52358408e+00
1941.9453 1.55733385e+00
1942.3920 1.52017117e+00
1942.8399 1.43105936e+00
1943.2869 1.57593880e+00
1943.7350 1.57586546e+00
1944.1821 1.34915342e+00
1944.6305 1.42206888e+00
1945.0778 1.34625959e+00
1945.5253 1.55154171e+00
1945.9739 1.46076040e+00
1946.4216 1.50603638e+00
1946.8704 1.70499458e+00
1947.3183 1.56843786e+00
1947.7674 1.45612774e+00
1948.2154 1.56839409e+00
1948.6636 1.60002460e+00
1949.1130 1.47979059e+00
1949.5614 1.46679506e+00
1950.0109 1.47525225e+00
1950.4595 1.47932072e+00
1950.9093 1.59303846e+00
1951.3581 1.58299370e+00
1951.8070 1.40980663e+00
1952.2571 1.36968441e+00
1952.7062 1.58462906e+00
1953.1565 1.52286968e+00
1953.6058 1.39119282e+00
1954.0563 1.36053009e+00
1954.5059 1.38249712e+00
1954.9555 1.46232443e+00
1955.4063 1.41285381e+00
1955.8561 1.43265581e+00
1956.3071 1.48164387e+00
1956.7572 1.55929527e+00
1957.2084 1.55368280e+00
1957.6587 1.40636559e+00
1958.1090 1.46046877e+00
1958.5606 1.62605629e+00
1959.0111 1.34231195e+00
1959.4629 1.38581877e+00
1959.9136 1.56828489e+00
1960.3656 1.57359095e+00
1960.8166 1.62913837e+00
1961.2677 1.49970531e+00
1961.7199 1.49141846e+00
1962.1712 1.49215155e+00
1962.6237 1.48138170e+00
1963.0752 1.39149923e+00
1963.5279 1.22124376e+00
1963.9796 1.33943119e+00
1964.4314 1.34651709e+00
1964.8844 1.50193720e+00
1965.3364 1.57324076e+00
1965.7896 1.35818768e+00
1966.2418 1.31489897e+00
1966.6952 1.48068428e+00
1967.1477 1.40646877e+00
1967.6002 1.43600731e+00
1968.0539 1.53065977e+00
1968.5067 1.33393135e+00
1968.9606 1.30428019e+00
1969.4136 1.44048452e+00
1969.8677 1.45399351e+00
1970.3209 1.38442373e+00
1970.7752 1.31783829e+00
1971.2286 1.50876694e+00
1971.6821 1.53025827e+00
1972.1368 1.34800243e+00
1972.5904 1.36854658e+00
1973.0453 1.46136055e+00
1973.4992 1.47073221e+00
1973.9543 1.36733875e+00
1974.4084 1.40573750e+00
1974.8626 1.55701084e+00
1975.3180 1.52487755e+00
1975.7724 1.50956249e+00
1976.2280 1.56707592e+00
1976.6827 1.52723904e+00
1977.1385 1.43391733e+00
1977.5933 1.40738287e+00
1978.0483 1.41565533e+00
1978.5044 1.32210531e+00
1978.9596 1.42002306e+00
1979.4159 1.44531813e+00
1979.8713 1.39257441e+00
1980.3278 1.17581158e+00
1980.7834 1.26749086e+00
1981.2391 1.46314611e+00
1981.6959 1.40067301e+00
1982.1518 1.31818562e+00
1982.6089 1.32441473e+00
1983.0650 1.39621696e+00
1983.5223 1.49136152e+00
1983.9786 1.50300856e+00
1984.4350 1.54924021e+00
1984.8926 1.25873728e+00
1985.3492 1.29710464e+00
1985.8070 1.47806311e+00
1986.2639 1.49243240e+00
1986.7219 1.52325916e+00
1987.1789 1.49407787e+00
1987.6361 1.52117605e+00
1988.0944 1.41475878e+00
1988.5518 1.31717157e+00
1989.0104 1.43696489e+00
1989.4679 1.44579163e+00
1989.9267 1.51887293e+00
1990.3845 1.51233082e+00
1990.8424 1.53396378e+00
1991.3014 1.37422676e+00
1991.7595 1.33330956e+00
1992.2188 1.53813639e+00
1992.6771 1.74369602e+00
1993.1366 1.31001997e+00
1993.5952 1.41610489e+00
1994.0538 1.41294909e+00
1994.5136 1.35032730e+00
1994.9724 1.26831827e+00
1995.4325 1.32433853e+00
1995.8915 1.48586130e+00
1996.3518 1.40664406e+00
1996.8110 1.51085186e+00
1997.2704 1.24910831e+00
1997.7310 1.30172892e+00
1998.1905 1.38267393e+00
1998.6513 1.53314638e+00
1999.1111 1.47588339e+00
1999.5721 1.27695608e+00
2000.0321 1.34814205e+00
2000.4922 1.49718628e+00
2000.9535 1.34604397e+00
2001.4138 1.72286682e+00
2001.8754 1.43745041e+00
2002.3359 1.42354088e+00
2002.7976 1.42683287e+00
2003.2584 1.65903511e+00
2003.7203 1.39357338e+00
2004.1813 1.45215549e+00
2004.6423 1.49570179e+00
2005.1046 1.29020939e+00
2005.5659 1.59047871e+00
2006.0283 1.49830685e+00
2006.4898 1.42347784e+00
2006.9525 1.45722322e+00
2007.4142 1.46097250e+00
2007.8760 1.54518251e+00
2008.3390 1.43562851e+00
2008.8010 1.36088209e+00
2009.2643 1.30305824e+00
2009.7265 1.46050863e+00
2010.1899 1.42298107e+00
2010.6524 1.37900267e+00
2011.1149 1.44075270e+00
2011.5787 1.31864786e+00
2012.0414 1.59825954e+00
2012.5054 1.21925135e+00
2012.9684 1.48812084e+00
2013.4326 1.40999889e+00
2013.8958 1.20046768e+00
2014.3591 1.51488323e+00
2014.8236 1.48916283e+00
2015.2871 1.45385427e+00
2015.7518 1.57812405e+00
2016.2155 1.43229733e+00
2016.6804 1.33509140e+00
2017.1444 1.54461050e+00
2017.6084 1.44004030e+00
2018.0737 1.24594774e+00
2018.5379 1.45800323e+00
2019.0034 1.34090424e+00
2019.4679 1.40542431e+00
2019.9336 1.39427834e+00
2020.3982 1.33014479e+00
2020.8630 1.38519497e+00
2021.3290 1.42652931e+00
2021.7940 1.43785448e+00
2022.2603 1.39583960e+00
2022.7255 1.39880724e+00
2023.1919 1.42297001e+00
2023.6573 1.37851086e+00
2024.1229 1.36714649e+00
2024.5896 1.36341496e+00
2025.0554 1.32470884e+00
2025.5224 1.43928967e+00
2025.9883 1.47202644e+00
2026.4555 1.49472189e+00
2026.9217 1.52661123e+00
2027.3880 1.57824917e+00
2027.8555 1.41368074e+00
2028.3220 1.31313391e+00
2028.7897 1.34687681e+00
2029.2565 1.25886574e+00
2029.7244 1.57287760e+00
2030.1913 1.34625740e+00
2030.6584 1.46668987e+00
2031.1267 1.44637547e+00
2031.5939 1.24693060e+00
2032.0624 1.32231560e+00
2032.5299 1.44239864e+00
2032.9986 1.40585594e+00
2033.4662 1.33198175e+00
2033.9340 1.38782873e+00
2034.4031 1.38331223e+00
2034.8711 1.43798971e+00
2035.3403 1.19438419e+00
2035.8085 1.27889023e+00
2036.2780 1.44787264e+00
2036.7464 1.33598747e+00
2037.2150 1.30902710e+00
2037.6848 1.33158054e+00
2038.1535 1.54561176e+00
2038.6235 1.36865435e+00
2039.0925 1.31338110e+00
2039.5627 1.35144672e+00
2040.0319 1.38392706e+00
2040.5023 1.28365526e+00
2040.9718 1.47134972e+00
2041.4413 1.23067904e+00
2041.9120 1.37462854e+00
2042.3818 1.36939106e+00
2042.8527 1.38994551e+00
2043.3227 1.32104263e+00
2043.7939 1.35608225e+00
2044.2641 1.17949963e+00
2044.7343 1.34599705e+00
2045.2058 1.39978666e+00
2045.6763 1.34220963e+00
2046.1481 1.27813568e+00
2046.6188 1.37800570e+00
2047.0907 1.45835199e+00
2047.5617 1.34867735e+00
2048.0327 1.37200890e+00
2048.5050 1.27459879e+00
2048.9762 1.32621593e+00
2049.4487 1.44222593e+00
2049.9202 1.27521238e+00
2050.3929 1.26504240e+00
2050.8646 1.49073725e+00
2051.3364 1.25688858e+00
2051.8094 1.29585953e+00
2052.2814 1.32742777e+00
2052.7547 1.39652777e+00
2053.2269 1.24993982e+00
2053.7004 1.42071609e+00
2054.1728 1.31525602e+00
2054.6454 1.30134506e+00
2055.1192 1.19538193e+00
2055.5920 1.38159161e+00
2056.0660 1.48217649e+00
2056.5390 1.50238333e+00
2057.0132 1.49947348e+00
2057.4864 1.47439356e+00
2057.9598 1.52999792e+00
2058.4343 1.44610863e+00
2058.9079 1.33615313e+00
2059.3826 1.45234556e+00
2059.8564 1.46816969e+00
2060.3314 1.26144953e+00
2060.8054 1.36965427e+00
2061.2795 1.38812675e+00
2061.7548 1.45724125e+00
2062.2291 1.42187967e+00
2062.7046 1.40143223e+00
2063.1792 1.32331762e+00
2063.6549 1.28343849e+00
2064.1297 1.29569912e+00
2064.6045 1.18871622e+00
2065.0806 1.36407480e+00
2065.5557 1.41365576e+00
2066.0320 1.34735918e+00
2066.5073 1.38898993e+00
2066.9838 1.44843206e+00
2067.4593 1.36698084e+00
2067.9349 1.30374184e+00
2068.4118 1.31593151e+00
2068.8876 1.44063215e+00
2069.3647 1.35680923e+00
2069.8408 1.35204115e+00
2070.3181 1.37961006e+00
2070.7943 1.37588825e+00
2071.2707 1.45170650e+00
2071.7483 1.30605536e+00
2072.2250 1.62703400e+00
2072.7028 1.37157354e+00
2073.1796 1.51869154e+00
2073.6577 1.26448746e+00
2074.1347 1.43732233e+00
2074.6119 1.41307068e+00
2075.0903 1.25525274e+00
2075.5677 1.54789324e+00
2076.0463 1.27468958e+00
2076.5239 1.15424967e+00
2077.0027 1.46230984e+00
2077.4805 1.36372566e+00
2077.9596 1.42930412e+00
2078.4376 1.27955828e+00
2078.9158 1.34748812e+00
2079.3952 1.35463238e+00
2079.8735 1.44924908e+00
2080.3531 1.52068758e+00
2080.8317 1.26246424e+00
2081.3116 1.46554413e+00
2081.7904 1.27730951e+00
2082.2693 1.48837643e+00
2082.7494 1.23462877e+00
2083.2286 1.41185780e+00
2083.7090 1.27119017e+00
2084.1883 1.41141319e+00
2084.6689 1.32986078e+00
2085.1485 1.46950159e+00
2085.6282 1.49481039e+00
2086.1091 1.25593290e+00
2086.5890 1.31279993e+00
2087.0702 1.36151133e+00
2087.5503 1.36725540e+00
2088.0317 1.31172409e+00
2088.5121 1.17086496e+00
2088.9925 1.46100817e+00
2089.4742 1.45189590e+00
2089.9549 1.30740604e+00
2090.4368 1.34577875e+00
2090.9178 1.34021902e+00
2091.3999 1.34246292e+00
2091.8810 1.49497681e+00
2092.3623 1.40213585e+00
2092.8448 1.36062765e+00
2093.3262 1.38537226e+00
2093.8089 1.32812557e+00
2094.2906 1.36885376e+00
2094.7736 1.35409508e+00
2095.2555 1.32815266e+00
2095.7375 1.43225470e+00
2096.2207 1.30060797e+00
2096.7030 1.39742804e+00
2097.1865 1.43832741e+00
2097.6689 1.41623631e+00
2098.1526 1.25873289e+00
2098.6353 1.33693666e+00
2099.1181 1.22053595e+00
2099.6022 1.35345411e+00
2100.0852 1.30318489e+00
2100.5694 1.32480183e+00
2101.0527 1.25829096e+00
2101.5372 1.29334192e+00
2102.0206 1.31017666e+00
2102.5042 1.29529819e+00
2102.9890 1.29447746e+00
2103.4728 1.35652647e+00
2103.9579 1.34677095e+00
2104.4419 1.28378925e+00
2104.9272 1.37945833e+00
2105.4114 1.36232939e+00
2105.8957 1.27706833e+00
2106.3814 1.33123798e+00
2106.8659 1.39573116e+00
2107.3518 1.49293556e+00
2107.8366 1.44833546e+00
2108.3226 1.40442734e+00
2108.8076 1.39736481e+00
2109.2928 1.44968643e+00
2109.7792 1.56842051e+00
2110.2645 1.33583040e+00
2110.7511 1.18774624e+00
2111.2367 1.34098606e+00
2111.7236 1.17981367e+00
2112.2094 1.36597281e+00
2112.6953 1.36953230e+00
2113.1825 1.22608080e+00
2113.6686 1.35991774e+00
2114.1560 1.42390232e+00
2114.6424 1.26169720e+00
2115.1300 1.24297838e+00
2115.6166 1.34238214e+00
2116.1044 2.03430634e+00
2116.5912 1.03529520e+00
2117.0782 9.63303471e-01
2117.5664 2.25657005e+00
2118.0535 1.67846756e+00
2118.5419 1.50698214e+00
2119.0293 1.29423103e+00
2119.5179 1.47292662e+00
2120.0055 1.12394495e+00
2120.4932 1.13086300e+00
2120.9822 1.23330927e+00
2121.4701 1.31748409e+00
2121.9593 1.36083298e+00
2122.4475 1.50720215e+00
2122.9369 1.42303171e+00
2123.4253 1.18624926e+00
2123.9138 1.35939198e+00
2124.4036 1.58868876e+00
2124.8923 1.31327095e+00
2125.3823 1.33026161e+00
2125.8712 1.29518576e+00
2126.3614 1.29425545e+00
2126.8506 1.26370420e+00
2127.3399 1.18077784e+00
2127.8304 1.32435188e+00
2128.3200 1.47141066e+00
2128.8107 1.41296177e+00
2129.3005 1.32224665e+00
2129.7915 1.33449669e+00
2130.2814 1.38100300e+00
2130.7715 1.27913284e+00
2131.2629 1.34755812e+00
2131.7531 1.38372726e+00
2132.2447 1.44335747e+00
2132.7352 1.27551012e+00
2133.2271 1.21390409e+00
2133.7178 1.28333893e+00
2134.2087 1.29417267e+00
2134.7008 1.30622196e+00
2135.1919 1.42477341e+00
2135.6843 1.23451271e+00
2136.1756 1.35109186e+00
2136.6682 1.34090652e+00
2137.1597 1.31336432e+00
2137.6514 1.25102224e+00
2138.1443 1.34896469e+00
2138.6362 1.34594412e+00
2139.1293 1.12788811e+00
2139.6214 1.25361738e+00
2140.1148 1.22595119e+00
2140.6072 1.17148333e+00
2141.0996 1.20866404e+00
2141.5933 1.46655273e+00
2142.0860 1.26114330e+00
2142.5800 1.28337908e+00
2143.0729 1.23471327e+00
2143.5671 1.30268040e+00
2144.0602 1.32146559e+00
2144.5534 1.35273972e+00
2145.0479 1.18180656e+00
2145.5414 1.31239090e+00
2146.0362 1.26259880e+00
2146.5299 1.12360888e+00
2147.0248 1.25278463e+00
2147.5188 1.43407612e+00
2148.0128 1.22365198e+00
2148.5081 1.36336479e+00
2149.0024 1.34172516e+00
2149.4979 1.16161118e+00
2149.9924 1.36176567e+00
2150.4882 1.23120956e+00
2150.9829 1.35993528e+00
2151.4778 1.33670378e+00
2151.9739 1.36802692e+00
2152.4689 1.38023329e+00
2152.9653 1.22382288e+00
2153.4606 1.22535620e+00
2153.9572 1.38613224e+00
2154.4527 1.17560253e+00
2154.9495 1.10433664e+00
2155.4452 1.05713444e+00
2155.9411 1.23471670e+00
2156.4383 1.57127275e+00
2156.9343 1.44787979e+00
2157.4317 1.42818356e+00
2157.9280 1.34890385e+00
2158.4257 1.25515213e+00
2158.9222 1.44818316e+00
2159.4189 1.38869257e+00
2159.9168 1.27589598e+00
2160.4137 1.41313286e+00
2160.9119 1.45976362e+00
2161.4090 1.32769947e+00
2161.9074 1.32551756e+00
2162.4048 1.14745541e+00
2162.9022 1.48078623e+00
2163.4010 1.33712091e+00
2163.8987 1.45112534e+00
2164.3977 1.29995623e+00
2164.8956 1.31131239e+00
2165.3948 1.33694849e+00
2165.8929 1.18283787e+00
2166.3912 1.25356407e+00
2166.8908 1.10483818e+00
2167.3893 1.21357269e+00
2167.8890 1.31122990e+00
2168.3878 1.18820276e+00
2168.8878 1.24667940e+00
2169.3867 1.52775860e+00
2169.8858 1.33360462e+00
2170.3862 1.24029608e+00
2170.8855 1.14030495e+00
2171.3861 1.32730560e+00
2171.8856 1.41099701e+00
2172.3864 1.37644596e+00
2172.8862 1.21987696e+00
2173.3861 1.24487514e+00
2173.8872 1.36601696e+00
2174.3873 1.31334476e+00
2174.8887 1.38087130e+00
2175.3891 1.37412586e+00
2175.8907 1.45833740e+00
2176.3913 1.28115225e+00
2176.8920 1.39205046e+00
2177.3939 1.23303041e+00
2177.8948 1.25472641e+00
2178.3971 1.29406633e+00
2178.8982 1.34449825e+00
2179.4006 1.26772232e+00
2179.9020 1.37034216e+00
2180.4035 1.29296875e+00
2180.9063 1.31593266e+00
2181.4080 1.15753555e+00
2181.9110 1.22596169e+00
2182.4130 1.28812447e+00
2182.9162 1.36578770e+00
2183.4184 1.33141661e+00
2183.9207 1.23133612e+00
2184.4243 1.27392197e+00
2184.9268 1.41481848e+00
2185.4307 1.12580891e+00
2185.9334 1.47071466e+00
2186.4375 1.07496357e+00
2186.9405 1.28355179e+00
2187.4436 1.26445227e+00
2187.9480 1.38478537e+00
2188.4514 1.33811750e+00
2188.9560 1.33015461e+00
2189.4596 1.09189253e+00
2189.9645 1.25052223e+00
2190.4683 1.34206123e+00
2190.9722 1.19934874e+00
2191.4774 1.43246174e+00
2191.9816 1.23962851e+00
2192.4870 1.24982138e+00
2192.9914 1.07657146e+00
2193.4971 1.52705193e+00
2194.0017 1.39313412e+00
2194.5076 1.24862556e+00
2195.0125 1.25598803e+00
2195.5174 1.14539804e+00
2196.0237 1.17216768e+00
2196.5289 1.19948540e+00
2197.0354 1.45859051e+00
2197.5409 1.26135921e+00
2198.0476 1.28924160e+00
2198.5533 1.39122887e+00
2199.0590 1.36412249e+00
2199.5661 1.26421270e+00
2200.0721 1.15086699e+00
2200.5795 1.19568195e+00
2201.0857 1.30116472e+00
2201.5933 1.24986725e+00
2202.0998 1.15324678e+00
2202.6063 1.28438330e+00
2203.1143 1.13863106e+00
2203.6211 1.48997307e+00
2204.1292 1.25369434e+00
2204.6363 1.07166958e+00
2205.1447 1.22181005e+00
2205.6520 1.23622828e+00
2206.1594 1.16591854e+00
2206.6681 1.17362213e+00
2207.1757 1.34005375e+00
2207.6847 1.46435499e+00
2208.1926 1.10333958e+00
2208.7018 1.38472471e+00
2209.2099 1.11137180e+00
2209.7181 1.22072439e+00
2210.2277 1.14762020e+00
2210.7361 1.25171232e+00
2211.2459 1.31826582e+00
2211.7546 1.25642586e+00
2212.2647 1.31404314e+00
2212.7736 1.30964584e+00
2213.2826 1.07845669e+00
2213.7930 1.38551435e+00
2214.3023 1.23498535e+00
2214.8129 1.14404421e+00
2215.3224 1.30171070e+00
2215.8333 1.17786045e+00
2216.3430 1.13129616e+00
2216.8529 1.21168823e+00
2217.3641 1.22766981e+00
2217.8742 1.24192705e+00
2218.3856 1.23311863e+00
2218.8960 1.14980478e+00
2219.4076 1.18748541e+00
2219.9182 1.15847025e+00
2220.4289 1.11629038e+00
2220.9409 1.20246859e+00
2221.4518 1.24104357e+00
2221.9641 1.16021986e+00
2222.4753 1.19641132e+00
2222.9878 1.19857969e+00
2223.4992 1.20995369e+00
2224.0107 1.34253922e+00
2224.5235 1.40675926e+00
2225.0353 1.19064360e+00
2225.5484 1.11785555e+00
2226.0603 1.32972088e+00
2226.5737 1.29372253e+00
2227.0859 1.23663101e+00
2227.5982 1.14471130e+00
2228.1119 1.20706911e+00
2228.6245 1.13364391e+00
2229.1384 1.22822056e+00
2229.6512 1.32799168e+00
2230.1654 1.27818012e+00
2230.6784 1.29423647e+00
2231.1916 1.11647825e+00
2231.7061 1.24467325e+00
2232.2195 1.20607471e+00
2232.7342 1.36418037e+00
2233.2479 1.20318012e+00
2233.7628 1.28941383e+00
2234.2767 1.01508265e+00
2234.7919 1.37776222e+00
2235.3060 1.01520166e+00
2235.8203 8.39005566e-01
2236.3359 1.50342607e+00
2236.8503 1.10593777e+00
2237.3661 1.19181004e+00
2237.8808 1.40684175e+00
2238.3969 1.32464952e+00
2238.9118 1.24803677e+00
2239.4269 1.07385941e+00
2239.9433 1.22914095e+00
2240.4586 1.27038536e+00
2240.9752 1.14953318e+00
2241.4908 1.18934546e+00
2242.0076 1.22243233e+00
2242.5234 1.11460609e+00
2243.0393 1.37239342e+00
2243.5566 9.72640133e-01
2244.0727 1.13534031e+00
2244.5902 1.04167042e+00
2245.1065 1.08188124e+00
2245.6242 1.29475098e+00
2246.1408 9.89220333e-01
2246.6576 1.13853445e+00
2247.1756 1.24817743e+00
2247.6926 1.10450039e+00
2248.2109 1.16576376e+00
2248.7281 1.35064306e+00
2249.2467 1.20918179e+00
2249.7641 1.30418367e+00
2250.2817 1.09749775e+00
2250.8006 1.30255375e+00
2251.3184 1.12707748e+00
2251.8375 1.08602009e+00
2252.3555 1.21796455e+00
2252.8749 1.22803888e+00
2253.3932 1.10183353e+00
2253.9116 1.04472141e+00
2254.4313 1.19155884e+00
2254.9500 1.22616129e+00
2255.4699 1.20085020e+00
2255.9888 1.19165945e+00
2256.5090 9.94804001e-01
2257.0281 1.25979586e+00
2257.5474 1.30457468e+00
2258.0680 1.23779917e+00
2258.5874 1.36319103e+00
2259.1083 1.30139837e+00
2259.6280 1.28479815e+00
2260.1490 1.13036766e+00
2260.6690 9.66071129e-01
2261.1890 1.30358629e+00
2261.7105 1.21978245e+00
2262.2308 1.10188856e+00
2262.7524 1.20190048e+00
2263.2730 1.25391979e+00
2263.7949 1.01829138e+00
2264.3157 1.21513968e+00
2264.8366 1.18812933e+00
2265.3588 1.27973042e+00
2265.8800 1.29327955e+00
2266.4025 1.13348942e+00
2266.9239 1.21365318e+00
2267.4466 1.36320047e+00
2267.9682 1.22026424e+00
2268.4900 1.07915373e+00
2269.0131 1.17680569e+00
2269.5351 1.03475237e+00
2270.0584 1.10656900e+00
2270.5806 1.38101521e+00
2271.1042 1.26587162e+00
2271.6267 1.21551504e+00
2272.1493 1.10624170e+00
2272.6732 1.12430916e+00
2273.1961 1.19106932e+00
2273.7202 1.12554741e+00
2274.2433 1.14030581e+00
2274.7678 1.18022966e+00
2275.2911 9.41835785e-01
2275.8157 1.34682407e+00
2276.3393 1.20999680e+00
2276.8630 1.21793213e+00
2277.3880 1.12841043e+00
2277.9119 1.11425037e+00
2278.4372 1.30210085e+00
2278.9613 1.25337963e+00
2279.4869 1.16824541e+00
2280.0113 1.29209270e+00
2280.5358 1.29194698e+00
2281.0617 1.26322317e+00
2281.5864 1.14601812e+00
2282.1125 1.24656115e+00
2282.6375 1.20810022e+00
2283.1639 1.18254490e+00
2283.6891 1.16318188e+00
2284.2145 1.07889080e+00
2284.7412 1.04017582e+00
2285.2668 1.13453941e+00
2285.7938 1.14278612e+00
2286.3197 1.05444365e+00
2286.8469 1.16692619e+00
2287.3730 1.24434824e+00
2287.8992 1.08765764e+00
2288.4268 1.14676390e+00
2288.9532 1.19467869e+00
2289.4810 1.26586351e+00
2290.0077 1.20489721e+00
2290.5358 1.17517138e+00
2291.0627 1.31978912e+00
2291.5898 1.16493034e+00
2292.1182 1.08106184e+00
2292.6455 1.25843868e+00
2293.1742 1.16942463e+00
2293.7017 1.08039370e+00
2294.2307 1.24814510e+00
2294.7585 1.06660728e+00
2295.2864 1.14120607e+00
2295.8156 1.34703007e+00
2296.3438 1.24487171e+00
2296.8733 1.22460432e+00
2297.4017 1.19366961e+00
2297.9315 1.32954082e+00
2298.4601 1.36519976e+00
2298.9889 1.14172821e+00
2299.5190 1.06686821e+00
2300.0480 1.18935938e+00
2300.5784 1.20519648e+00
2301.1077 1.29987803e+00
2301.6383 1.31920414e+00
2302.1678 1.10436783e+00
2302.6974 1.17861776e+00
2303.2284 1.21544828e+00
2303.7582 1.26250038e+00
2304.2895 1.29479055e+00
2304.8196 1.23761005e+00
2305.3511 1.09537277e+00
2305.8814 1.21668329e+00
2306.4119 1.26027861e+00
2306.9437 1.16790953e+00
2307.4744 1.20913820e+00
2308.0065 1.24882975e+00
2308.5375 1.15408592e+00
2309.0698 1.16336861e+00
2309.6010 1.28648634e+00
2310.1324 1.08813810e+00
2310.6651 1.26395473e+00
2311.1966 1.23005905e+00
2311.7296 1.16396599e+00
2312.2614 1.20846014e+00
2312.7946 1.25803766e+00
2313.3267 1.36630468e+00
2313.8601 1.33060427e+00
2314.3924 1.11820002e+00
2314.9248 1.19744568e+00
2315.4586 1.31727762e+00
2315.9913 1.25429735e+00
2316.5254 1.21540108e+00
2317.0583 1.29795065e+00
2317.5926 1.27029629e+00
2318.1258 1.20104647e+00
2318.6590 1.31159649e+00
2319.1937 1.20478601e+00
2319.7272 1.17723646e+00
2320.2622 1.32639341e+00
2320.7959 1.28231335e+00
2321.3311 1.16653547e+00
2321.8651 1.26567221e+00
2322.3993 1.31180992e+00
2322.9348 1.08306417e+00
2323.4692 1.26967754e+00
2324.0050 1.17777081e+00
2324.5396 1.23492203e+00
2325.0757 1.19672956e+00
2325.6105 1.30907125e+00
2326.1455 1.28430471e+00
2326.6819 1.31208801e+00
2327.2172 1.19704218e+00
2327.7538 1.19882431e+00
2328.2893 1.28664112e+00
2328.8262 1.20635500e+00
2329.3620 1.26391783e+00
2329.8979 1.27847338e+00
2330.4351 1.16687355e+00
2330.9712 1.25511427e+00
2331.5088 1.35797501e+00
2332.0451 1.22691517e+00
2332.5829 1.28940620e+00
2333.1195 1.31670666e+00
2333.6562 1.11785507e+00
2334.1944 1.24536972e+00
2334.7313 1.29589701e+00
2335.2697 1.18565960e+00
2335.8069 1.13617201e+00
2336.3456 1.14743891e+00
2336.8830 1.13277798e+00
2337.4206 1.01648750e+00
2337.9596 1.15831938e+00
2338.4975 1.27802486e+00
2339.0367 1.25435352e+00
2339.5748 1.22635431e+00
2340.1143 1.31455383e+00
2340.6527 1.28517456e+00
2341.1911 1.21253786e+00
2341.7310 9.95184898e-01
2342.2697 1.17229109e+00
2342.8098 1.35262270e+00
2343.3488 1.24734945e+00
2343.8892 1.23735676e+00
2344.4284 1.12131910e+00
2344.9677 1.26765003e+00
2345.5085 1.14621325e+00
2346.0480 1.21076307e+00
2346.5890 1.23342953e+00
2347.1289 1.16794224e+00
2347.6701 1.28819208e+00
2348.2102 1.22416954e+00
2348.7504 1.17839098e+00
2349.2920 1.15049801e+00
2349.8325 1.18419218e+00
2350.3743 1.18652143e+00
2350.9150 1.09918737e+00
2351.4571 1.15206814e+00
2351.9981 1.28820057e+00
2352.5392 1.20901375e+00
2353.0817 1.15725050e+00
2353.6230 1.13512945e+00
2354.1657 9.84010220e-01
2354.7073 1.33170433e+00
2355.2503 1.29029045e+00
2355.7921 1.04715357e+00
2356.3353 1.19109192e+00
2356.8774 1.19580765e+00
2357.4196 1.17349329e+00
2357.9632 1.17306480e+00
2358.5057 1.13264484e+00
2359.0495 1.09925966e+00
2359.5922 1.09308605e+00
2360.1364 1.17715445e+00
2360.6793 1.15122957e+00
2361.2224 1.19001408e+00
2361.7669 1.08609171e+00
2362.3102 1.18207455e+00
2362.8549 1.12393198e+00
2363.3985 1.07450352e+00
2363.9435 1.26483498e+00
2364.4873 1.30056086e+00
2365.0313 1.18737278e+00
2365.5766 1.23321323e+00
2366.1208 1.21275892e+00
2366.6665 1.13080292e+00
2367.2109 1.21625862e+00
2367.7568 1.18737822e+00
2368.3015 1.24448299e+00
2368.8463 1.34586182e+00
2369.3926 1.19811668e+00
2369.9376 9.71100426e-01
2370.4841 1.26247559e+00
2371.0295 1.20284452e+00
2371.5762 1.12261562e+00
2372.1218 1.18525419e+00
2372.6675 1.26358576e+00
2373.2146 1.17552185e+00
2373.7606 1.18361216e+00
2374.3080 1.25162516e+00
2374.8542 1.17714043e+00
2375.4018 1.18048534e+00
2375.9483 1.27061663e+00
2376.4949 1.20514050e+00
2377.0429 1.27014570e+00
2377.5897 1.17268171e+00
2378.1380 1.14517727e+00
2378.6851 1.06814575e+00
2379.2336 1.17050419e+00
2379.7809 1.26079588e+00
2380.3284 1.12489004e+00
2380.8773 1.17623434e+00
2381.4250 1.25889664e+00
2381.9741 1.17434053e+00
2382.5221 1.13713903e+00
2383.0715 1.19453249e+00
2383.6197 1.19048090e+00
2384.1681 1.16084261e+00
2384.7179 1.19385853e+00
2385.2665 1.26491938e+00
2385.8165 1.11774044e+00
2386.3654 1.37522125e+00
2386.9157 1.23552322e+00
2387.4648 1.24597950e+00
2388.0140 1.17407808e+00
2388.5647 1.17048817e+00
2389.1142 1.21997108e+00
2389.6651 1.21339703e+00
2390.2148 1.13713493e+00
2390.7660 1.10403652e+00
2391.3160 1.21036720e+00
2391.8661 1.28832026e+00
2392.4177 1.21529884e+00
2392.9680 1.20352535e+00
2393.5199 1.20848207e+00
2394.0705 1.17524376e+00
2394.6225 1.16926556e+00
2395.1734 1.27157059e+00
2395.7244 1.16740007e+00
2396.2769 1.26731062e+00
2396.8281 1.22470407e+00
2397.3808 1.25815363e+00
2397.9324 1.29766216e+00
2398.4853 1.30479650e+00
2399.0371 1.25896244e+00
2399.5903 1.21522722e+00
2400.1423 1.16831322e+00
2400.6945 1.15715380e+00
2401.2481 1.28516712e+00
2401.8005 1.29982414e+00
2402.3543 1.29149351e+00
2402.9070 1.29395103e+00
2403.4611 1.26736946e+00
2404.0140 1.43919792e+00
2404.5670 1.13975325e+00
2405.1215 1.09706116e+00
2405.6748 1.21507034e+00
2406.2296 1.18850603e+00
2406.7831 1.19590645e+00
2407.3381 1.34253054e+00
2407.8919 1.30566015e+00
2408.4459 1.20814686e+00
2409.0012 1.28635111e+00
2409.5554 1.27274723e+00
2410.1111 1.17367630e+00
2410.6655 1.21319075e+00
2411.2214 1.19823494e+00
2411.7761 1.17914000e+00
2412.3309 1.22430038e+00
2412.8872 1.18623352e+00
2413.4423 1.22971640e+00
2413.9988 1.15080929e+00
2414.5542 1.22222195e+00
2415.1109 1.29105873e+00
2415.6665 1.35260019e+00
2416.2223 1.22231703e+00
2416.7794 1.25883389e+00
2417.3354 1.24805574e+00
2417.8928 1.17223072e+00
2418.4491 1.24523487e+00
2419.0068 1.26415768e+00
2419.5633 1.24791155e+00
2420.1199 1.21548100e+00
2420.6779 1.34406052e+00
2421.2348 1.14529762e+00
2421.7931 1.13259764e+00
2422.3503 1.16963778e+00
2422.9089 1.23627157e+00
2423.4663 1.22388029e+00
2424.0238 1.14887838e+00
2424.5827 1.14072819e+00
2425.1405 1.23662949e+00
2425.6997 1.14976482e+00
2426.2578 1.15751276e+00
2426.8173 1.24855070e+00
2427.3756 1.15740719e+00
2427.9340 1.18900070e+00
2428.4938 1.30338573e+00
2429.0525 1.14613485e+00
2429.6126 1.27454596e+00
2430.1716 1.16484938e+00
2430.7320 1.11175499e+00
2431.2912 1.11427422e+00
2431.8505 1.18147697e+00
2432.4113 1.17239408e+00
2432.9708 1.27912283e+00
2433.5319 1.21084738e+00
2434.0917 1.24038734e+00
2434.6530 1.29884949e+00
2435.2131 1.15704908e+00
2435.7733 1.05362387e+00
2436.3350 1.10815744e+00
2436.8955 1.19983501e+00
2437.4574 1.26586742e+00
2438.0181 1.20914459e+00
2438.5803 1.11826525e+00
2439.1413 1.14559259e+00
2439.7024 1.08302116e+00
2440.2650 1.24134235e+00
2440.8264 1.17324486e+00
2441.3893 1.17364178e+00
2441.9509 1.10143604e+00
2442.5140 1.10592413e+00
2443.0759 1.13645344e+00
2443.6393 1.12690630e+00
2444.2014 1.11760025e+00
2444.7637 1.11608782e+00
2445.3275 1.14113045e+00
2445.8900 1.17175226e+00
2446.4540 1.17345467e+00
2447.0168 1.19880056e+00
2447.5811 1.18607550e+00
2448.1442 1.12463579e+00
2448.7074 1.25998821e+00
2449.2720 1.20315046e+00
2449.8355 1.11029978e+00
2450.4004 1.09322453e+00
2450.9641 9.97424889e-01
2451.5293 1.11982126e+00
2452.0933 1.07863989e+00
2452.6574 1.14733505e+00
2453.2230 1.26537733e+00
2453.7873 1.20815887e+00
2454.3532 1.11495409e+00
2454.9178 1.12979660e+00
2455.4839 1.16377659e+00
2456.0488 1.15487623e+00
2456.6138 1.08357821e+00
2457.1803 1.06542807e+00
2457.7455 1.11950359e+00
2458.3123 1.04507666e+00
2458.8778 1.12889566e+00
2459.4448 1.25284576e+00
2460.0106 1.17382774e+00
2460.5765 1.05668373e+00
2461.1439 1.21834602e+00
2461.7101 1.02742653e+00
2462.2778 1.15959435e+00
2462.8442 1.16050549e+00
2463.4122 1.18459749e+00
2463.9789 1.23306694e+00
2464.5457 1.14232931e+00
2465.1140 1.14543409e+00
2465.6811 1.22868404e+00
2466.2497 1.21220112e+00
2466.8171 1.15594645e+00
2467.3859 1.17969990e+00
2467.9535 1.15089884e+00
2468.5213 1.11874285e+00
2469.0905 1.23218689e+00
2469.6585 1.14199495e+00
2470.2280 1.13515120e+00
2470.7963 1.15990620e+00
2471.3660 1.14475412e+00
2471.9346 1.10666523e+00
2472.5032 1.10691271e+00
2473.0734 1.18939924e+00
2473.6423 1.03115721e+00
2474.2127 1.03018169e+00
2474.7819 1.11163263e+00
2475.3526 1.11275911e+00
2475.9221 1.06618643e+00
2476.4916 1.13017263e+00
2477.0627 1.11301937e+00
2477.6326 1.10526562e+00
2478.2039 1.14604053e+00
2478.7740 1.17408390e+00
2479.3456 1.20666361e+00
2479.9160 1.02280760e+00
2480.4865 1.07513390e+00
2481.0585 1.11861553e+00
2481.6292 1.10260258e+00
2482.2015 1.03860111e+00
2482.7725 1.12101984e+00
2483.3450 1.09569864e+00
2483.9163 1.12195158e+00
2484.4878 1.13136072e+00
2485.0607 1.19522009e+00
2485.6324 1.12249870e+00
2486.2055 9.55383015e-01
2486.7775 1.13801785e+00
2487.3509 1.20021467e+00
2487.9231 1.10992184e+00
2488.4969 1.00702305e+00
2489.0693 1.01341114e+00
2489.6419 1.04873152e+00
2490.2160 1.00466242e+00
2490.7889 1.15732765e+00
2491.3633 1.14241095e+00
2491.9364 1.05992336e+00
2492.5111 1.13500919e+00
2493.0845 1.06663895e+00
2493.6580 1.25721617e+00
2494.2330 1.12780819e+00
2494.8068 1.22235270e+00
2495.3821 1.02390022e+00
2495.9562 1.08476343e+00
2496.5317 9.72733974e-01
2497.1061 1.03669615e+00
2497.6805 1.01752090e+00
2498.2565 1.09742346e+00
2498.8312 1.07692375e+00
2499.4074 1.05638828e+00
2499.9824 1.03326168e+00
2500.5589 1.02347155e+00
2501.1341 1.08978949e+00
2501.7095 1.15199814e+00
2502.2864 1.14333744e+00
2502.8621 1.13130608e+00
2503.4392 1.15090456e+00
2504.0151 1.08671713e+00
2504.5926 1.09693031e+00
2505.1687 1.06047554e+00
2505.7450 1.09462366e+00
2506.3229 1.13827429e+00
2506.8994 1.11219187e+00
2507.4775 1.10840054e+00
2508.0544 1.12062817e+00
2508.6327 1.06784439e+00
2509.2098 1.06110888e+00
2509.7871 1.12867289e+00
2510.3658 1.06884260e+00
2510.9433 1.07022839e+00
2511.5223 1.11479187e+00
2512.1001 1.12208872e+00
2512.6794 1.13864326e+00
2513.2574 1.04809742e+00
2513.8356 9.84759235e-01
2514.4153 1.05513859e+00
2514.9937 1.06116114e+00
2515.5737 1.05516605e+00
2516.1524 9.80418205e-01
2516.7326 1.08290215e+00
2517.3116 1.05157757e+00
2517.8907 1.09822006e+00
2518.4713 9.34107971e-01
2519.0507 1.09758892e+00
2519.6316 1.05115995e+00
2520.2112 1.07543898e+00
2520.7924 1.12501554e+00
2521.3723 1.15569477e+00
2521.9523 1.06434460e+00
2522.5339 9.71804619e-01
2523.1142 1.08538694e+00
2523.6960 1.11715183e+00
2524.2766 1.13985739e+00
2524.8586 1.13103056e+00
2525.4395 1.10967817e+00
2526.0205 9.88803673e-01
2526.6030 9.95368671e-01
2527.1842 1.16801004e+00
2527.7670 1.13478546e+00
2528.3485 1.07630968e+00
2528.9315 1.02933216e+00
2529.5133 1.03358097e+00
2530.0952 1.13407278e+00
2530.6786 9.60312176e-01
2531.2608 1.08800850e+00
2531.8445 1.02853174e+00
2532.4270 1.22358351e+00
2533.0109 1.11049261e+00
2533.5936 1.03701286e+00
2534.1779 1.02250357e+00
2534.7609 1.10931339e+00
2535.3440 1.04256763e+00
2535.9286 1.05256758e+00
2536.5120 1.03677359e+00
2537.0969 1.07889366e+00
2537.6806 1.04306145e+00
2538.2658 1.05557995e+00
2538.8497 1.10060740e+00
2539.4338 1.01703405e+00
2540.0193 1.03752155e+00
2540.6037 1.12247658e+00
2541.1895 1.12619133e+00
2541.7741 1.17833967e+00
2542.3603 1.13147430e+00
2542.9451 1.07235451e+00
2543.5301 1.05723610e+00
2544.1167 1.11547956e+00
2544.7019 1.06040926e+00
2545.2887 1.08337069e+00
2545.8743 1.17145844e+00
2546.4613 9.30861092e-01
2547.0472 1.04144344e+00
2547.6331 1.00190487e+00
2548.2206 1.03014717e+00
2548.8068 1.05295057e+00
2549.3945 1.15464611e+00
2549.9810 1.10255766e+00
2550.5690 1.16280422e+00
2551.1558 1.10803900e+00
2551.7427 1.08372097e+00
2552.3311 1.04670267e+00
2552.9183 1.11501160e+00
2553.5070 1.13565083e+00
2554.0944 1.11135635e+00
2554.6834 1.15098734e+00
2555.2711 1.11392231e+00
2555.8589 1.06589622e+00
2556.4483 1.10723944e+00
2557.0364 1.12724094e+00
2557.6260 1.15226068e+00
2558.2144 1.10784435e+00
2558.8043 1.10885353e+00
2559.3930 1.09609013e+00
2559.9818 1.08806391e+00
2560.5721 1.10298300e+00
2561.1612 1.02543879e+00
2561.7518 1.07021875e+00
2562.3411 1.11091461e+00
2562.9320 1.08036051e+00
2563.5215 1.03395367e+00
2564.1113 1.12052250e+00
2564.7026 1.03077278e+00
2565.2926 1.06753244e+00
2565.8841 1.08731833e+00
2566.4744 1.02583771e+00
2567.0662 1.14170294e+00
2567.6568 1.06575069e+00
2568.2475 1.05158634e+00
2568.8397 1.15620718e+00
2569.4306 1.12924185e+00
2570.0232 1.08443108e+00
2570.6144 1.08545246e+00
2571.2072 1.06980667e+00
2571.7987 1.09301567e+00
2572.3903 1.10782471e+00
2572.9835 1.04878016e+00
2573.5754 1.05711412e+00
2574.1689 1.09047508e+00
2574.7610 1.09133577e+00
2575.3548 1.05752058e+00
2575.9472 1.17409830e+00
2576.5398 8.96491909e-01
2577.1340 9.76100540e-01
2577.7268 1.05890312e+00
2578.3213 1.11449890e+00
2578.9144 1.11328259e+00
2579.5091 1.05688925e+00
2580.1025 1.00505495e+00
2580.6975 1.01283102e+00
2581.2912 9.82923031e-01
2581.8850 1.04783592e+00
2582.4804 1.04468489e+00
2583.0745 9.82674694e-01
2583.6701 9.69776440e-01
2584.2645 9.47473145e-01
2584.8604 1.03643322e+00
2585.4550 1.01893702e+00
2586.0498 9.93278599e-01
2586.6462 9.98315525e-01
2587.2412 9.82782364e-01
2587.8378 1.01935616e+00
2588.4332 1.02783089e+00
2589.0300 1.08436527e+00
2589.6256 1.10284376e+00
2590.2214 9.81199837e-01
2590.8187 1.01715555e+00
2591.4147 1.06968327e+00
2592.0123 1.03990393e+00
2592.6086 1.02986088e+00
2593.2064 1.10914974e+00
2593.8030 1.06527777e+00
2594.3997 1.09603148e+00
2594.9979 9.54893398e-01
2595.5949 1.16590319e+00
2596.1935 8.59502125e-01
2596.7907 8.89244556e-01
2597.3895 1.09534731e+00
2597.9870 1.08725433e+00
2598.5847 1.03246593e+00
2599.1839 1.08182116e+00
2599.7819 1.05930376e+00
2600.3814 1.03009243e+00
2600.9796 1.03103590e+00
2601.5794 1.10140848e+00
2602.1779 1.05252113e+00
2602.7765 9.99853802e-01
2603.3767 1.04046850e+00
2603.9756 1.05181942e+00
2604.5761 9.90761852e-01
2605.1752 9.92477417e-01
2605.7760 1.07916756e+00
2606.3754 1.08183661e+00
2606.9750 9.27853489e-01
2607.5762 8.88979149e-01
2608.1761 1.03237610e+00
2608.7775 1.01120672e+00
2609.3777 9.30707169e-01
2609.9794 1.14018736e+00
2610.5798 1.13003635e+00
2611.1804 8.86785698e-01
2611.7825 1.11095963e+00
2612.3833 1.07967834e+00
2612.9857 1.07542353e+00
2613.5868 1.05233145e+00
2614.1895 9.41355515e-01
2614.7909 1.06917248e+00
2615.3925 1.15595646e+00
2615.9956 1.15321121e+00
2616.5974 1.08469687e+00
2617.2007 1.07305126e+00
2617.8028 9.35775661e-01
2618.4065 1.02523565e+00
2619.0089 9.36466789e-01
2619.6114 1.13087292e+00
2620.2154 1.07041531e+00
2620.8182 9.91702938e-01
2621.4226 1.04215565e+00
2622.0256 9.95181179e-01
2622.6302 1.02477694e+00
2623.2336 9.74142647e-01
2623.8371 8.83788395e-01
2624.4421 9.88582802e-01
2625.0459 1.14307213e+00
2625.6512 1.09647589e+00
2626.2552 9.99159622e-01
2626.8608 9.87276363e-01
2627.4651 1.08873034e+00
2628.0710 1.13637896e+00
2628.6756 1.04749260e+00
2629.2803 1.01287203e+00
2629.8866 9.88502216e-01
2630.4916 1.04995232e+00
2631.0982 1.09885769e+00
2631.7035 1.06993036e+00
2632.3104 1.04410992e+00
2632.9159 1.12528887e+00
2633.5216 1.14867735e+00
2634.1289 1.15127649e+00
2634.7349 1.09273272e+00
2635.3424 1.05244255e+00
2635.9487 1.09564924e+00
2636.5565 1.05810442e+00
2637.1631 1.13506193e+00
2637.7698 8.65897751e-01
2638.3780 1.04162664e+00
2638.9850 9.96443939e-01
2639.5935 9.91584778e-01
2640.2008 1.07227888e+00
2640.8096 1.03088083e+00
2641.4171 1.07985907e+00
2642.0247 1.08515701e+00
2642.6340 1.04054899e+00
2643.2419 1.10301809e+00
2643.8515 1.09391117e+00
2644.4597 9.99837112e-01
2645.0695 9.74891186e-01
2645.6780 1.01683693e+00
2646.2866 1.06569500e+00
2646.8968 1.04495220e+00
2647.5057 1.11722841e+00
2648.1163 1.08955030e+00
2648.7255 9.76074219e-01
2649.3362 9.89607048e-01
2649.9457 1.06145191e+00
2650.5553 9.58247471e-01
2651.1665 8.88724899e-01
2651.7764 9.94032860e-01
2652.3879 9.93968201e-01
2652.9981 9.84536934e-01
2653.6099 1.03388901e+00
2654.2204 1.04152327e+00
2654.8310 1.03010349e+00
2655.4431 9.37301731e-01
2656.0540 9.76927090e-01
2656.6665 1.03704939e+00
2657.2777 9.92075062e-01
2657.8904 1.05688963e+00
2658.5019 1.02105017e+00
2659.1135 9.90210247e-01
2659.7267 9.82831478e-01
2660.3385 9.39916992e-01
2660.9520 1.01857328e+00
2661.5641 9.65439415e-01
2662.1779 9.67613506e-01
2662.7903 9.90240860e-01
2663.4029 9.95465946e-01
2664.0171 1.01427164e+00
2664.6299 9.53081036e-01
2665.2444 1.02517929e+00
2665.8575 9.23542213e-01
2666.4722 1.02476330e+00
2667.0857 9.85655785e-01
2667.6992 9.81617260e-01
2668.3144 1.01006708e+00
2668.9282 1.03583050e+00
2669.5437 1.02801952e+00
2670.1578 1.08006868e+00
2670.7735 9.80264378e-01
2671.3880 1.03191214e+00
2672.0040 1.03595181e+00
2672.6187 1.00378437e+00
2673.2335 1.08431959e+00
2673.8499 1.00352945e+00
2674.4650 8.94699287e-01
2675.0818 9.65726662e-01
2675.6972 1.01775599e+00
2676.3142 9.27071190e-01
2676.9299 9.38219738e-01
2677.5457 1.01650181e+00
2678.1631 1.00449915e+00
2678.7792 9.51754189e-01
2679.3970 9.65080261e-01
2680.0133 9.46203423e-01
2680.6314 9.05964279e-01
2681.2480 9.52767754e-01
2681.8648 1.05719767e+00
2682.4833 9.96708298e-01
2683.1004 9.05985737e-01
2683.7191 1.01256113e+00
2684.3365 1.03332443e+00
2684.9555 1.03314304e+00
2685.5732 1.07958603e+00
2686.1910 9.97946930e-01
2686.8104 8.97017002e-01
2687.4285 9.94750500e-01
2688.0482 1.06622782e+00
2688.6666 9.60032082e-01
2689.2866 1.01055651e+00
2689.9053 1.04050121e+00
2690.5241 1.05870647e+00
2691.1445 9.72243214e-01
2691.7636 9.41674995e-01
2692.3843 1.05113993e+00
2693.0037 1.03947763e+00
2693.6247 9.79060745e-01
2694.2443 8.97439384e-01
2694.8642 1.03068714e+00
2695.4856 1.02080517e+00
2696.1057 1.00623684e+00
2696.7274 9.56460381e-01
2697.3478 1.03196888e+00
2697.9698 8.90481758e-01
2698.5904 9.76960564e-01
2699.2112 1.00232706e+00
2699.8337 9.33308887e-01
2700.4548 1.00069685e+00
2701.0775 9.12370777e-01
2701.6989 1.06593561e+00
2702.3219 9.61590099e-01
2702.9435 1.02217093e+00
2703.5654 9.52924252e-01
2704.1888 9.42170811e-01
2704.8109 9.01210117e-01
2705.4346 1.03996534e+00
2706.0570 1.02577562e+00
2706.6810 8.94908237e-01
2707.3037 8.93378162e-01
2707.9265 9.08679104e-01
2708.5509 1.01542988e+00
2709.1740 9.11539936e-01
2709.7987 9.52577972e-01
2710.4221 9.39684582e-01
2711.0472 9.21033382e-01
2711.6708 9.69742489e-01
2712.2946 9.52175426e-01
2712.9201 1.00192890e+00
2713.5442 1.08364315e+00
2714.1699 9.51529121e-01
2714.7943 9.81941700e-01
2715.4203 9.77727318e-01
2716.0450 9.79393387e-01
2716.6698 9.72924042e-01
2717.2963 9.32749271e-01
2717.9214 9.62713432e-01
2718.5482 8.73738194e-01
2719.1736 9.65407372e-01
2719.8006 9.75752163e-01
2720.4263 1.05931950e+00
2721.0536 9.55415249e-01
2721.6796 9.27428722e-01
2722.3057 9.49728489e-01
2722.9335 9.46750069e-01
2723.5599 8.72578049e-01
2724.1879 9.01861095e-01
2724.8146 8.50400162e-01
2725.4429 9.77885342e-01
2726.0699 1.00505514e+00
2726.6971 9.13946342e-01
2727.3258 9.84694004e-01
2727.9532 9.34296036e-01
2728.5823 1.01518040e+00
2729.2100 9.26078892e-01
2729.8394 9.50743198e-01
2730.4674 9.84529877e-01
2731.0955 9.40704536e-01
2731.7253 1.02981014e+00
2732.3537 9.95329189e-01
2732.9838 9.34198284e-01
2733.6125 9.82711411e-01
2734.2429 9.85218620e-01
2734.8719 9.86746597e-01
2735.5010 8.60027695e-01
2736.1318 9.63448429e-01
2736.7613 9.29500866e-01
2737.3924 9.38182449e-01
2738.0221 1.02623014e+00
2738.6535 9.07877922e-01
2739.2835 8.89500999e-01
2739.9137 9.66872406e-01
2740.5455 9.38855076e-01
2741.1760 9.59783936e-01
2741.8081 8.82639408e-01
2742.4388 9.66165257e-01
2743.0712 9.74243832e-01
2743.7023 9.45453930e-01
2744.3334 1.01431770e+00
2744.9663 9.41041851e-01
2745.5978 9.29314995e-01
2746.2309 8.94135571e-01
2746.8626 1.02446995e+00
2747.4961 1.23258438e+00
2748.1281 1.11190977e+00
2748.7603 8.96077347e-01
2749.3942 9.85450935e-01
2750.0267 1.02114048e+00
2750.6608 9.95162582e-01
2751.2936 8.21280670e-01
2751.9281 8.71562576e-01
2752.5611 9.56979084e-01
2753.1944 9.00644684e-01
2753.8292 1.00314741e+00
2754.4628 1.08201666e+00
2755.0979 8.85551929e-01
2755.7317 9.28666782e-01
2756.3672 1.05882196e+00
2757.0013 9.30759335e-01
2757.6355 9.29844379e-01
2758.2715 8.88874817e-01
2758.9060 1.01657686e+00
2759.5422 1.02853794e+00
2760.1770 9.64363289e-01
2760.8135 8.95292759e-01
2761.4486 1.02984209e+00
2762.0839 1.18836470e+00
2762.7208 9.94353867e-01
2763.3564 9.44594765e-01
2763.9936 9.49363708e-01
2764.6295 9.58203220e-01
2765.2670 9.29000568e-01
2765.9031 9.52165985e-01
2766.5394 8.94738960e-01
2767.1774 8.70748520e-01
2767.8140 8.95843315e-01
2768.4522 9.22940731e-01
2769.0891 9.93923092e-01
2769.7276 9.38107777e-01
2770.3648 9.22256470e-01
2771.0036 1.07208080e+00
2771.6411 1.11211500e+00
2772.2787 9.11764526e-01
2772.9180 9.28043938e-01
2773.5559 1.04623041e+00
2774.1955 9.80005932e-01
2774.8337 9.71548557e-01
2775.4736 9.96689510e-01
2776.1121 8.60394001e-01
2776.7507 9.26385784e-01
2777.3910 9.22339630e-01
2778.0299 9.11511612e-01
2778.6706 1.03022194e+00
2779.3098 9.43104458e-01
2779.9507 8.69895744e-01
2780.5902 9.15354156e-01
2781.2299 9.79666615e-01
2781.8712 1.06396904e+00
2782.5112 1.04913626e+00
2783.1528 9.03269386e-01
2783.7931 9.29460239e-01
2784.4350 9.58248615e-01
2785.0756 1.17978992e+00
2785.7163 1.02104425e+00
2786.3587 9.62959290e-01
2786.9997 1.19589510e+00
2787.6423 1.09948120e+00
2788.2836 1.13907776e+00
2788.9266 1.14184837e+00
2789.5682 9.38480377e-01
2790.2099 1.03269997e+00
2790.8533 1.00889578e+00
2791.4954 1.07509985e+00
2792.1391 1.02146568e+00
2792.7814 9.93652630e-01
2793.4254 1.07784834e+00
2794.0681 1.04273214e+00
2794.7108 1.01932735e+00
2795.3553 1.16619587e+00
2795.9983 1.19073009e+00
2796.6431 1.10600710e+00
2797.2865 1.12853966e+00
2797.9315 1.16487389e+00
2798.5752 1.14866438e+00
2799.2190 1.17327833e+00
2799.8645 1.15071583e+00
2800.5086 1.13261786e+00
2801.1544 1.18163757e+00
2801.7988 1.19989967e+00
2802.4449 1.19620714e+00
2803.0896 1.16929903e+00
2803.7344 1.11829977e+00
2804.3809 1.09503727e+00
2805.0261 1.14390545e+00
2805.6729 1.11294575e+00
2806.3184 1.05169449e+00
2806.9655 1.09122267e+00
2807.6112 1.00827961e+00
2808.2571 1.09180346e+00
2808.9047 1.12329407e+00
2809.5509 1.09614773e+00
2810.1988 1.10985851e+00
2810.8452 1.06540737e+00
2811.4934 1.15005884e+00
2812.1402 1.06271534e+00
2812.7871 9.88147449e-01
2813.4357 1.00252352e+00
2814.0830 1.11932421e+00
2814.7319 9.06399822e-01
2815.3794 1.05146694e+00
2816.0286 9.94367504e-01
2816.6765 9.64686108e-01
2817.3244 9.73783875e-01
2817.9741 1.01931028e+00
2818.6224 8.84363079e-01
2819.2723 9.76676846e-01
2819.9209 9.55624676e-01
2820.5712 1.07768946e+00
2821.2200 1.10656519e+00
2821.8706 9.98889542e-01
2822.5198 9.87298679e-01
2823.1691 9.27690601e-01
2823.8201 9.49525261e-01
2824.4697 1.02932224e+00
2825.1211 1.02405958e+00
2825.7710 9.75736904e-01
2826.4226 1.03182564e+00
2827.0728 9.66744614e-01
2827.7232 9.87518311e-01
2828.3752 9.92335510e-01
2829.0259 9.90469265e-01
2829.6783 9.38107395e-01
2830.3292 9.57862186e-01
2830.9819 1.00882721e+00
2831.6332 9.58599472e-01
2832.2846 9.80569172e-01
2832.9377 1.09610853e+00
2833.5894 9.72723103e-01
2834.2428 9.41520882e-01
2834.8948 9.43945789e-01
2835.5486 1.06262302e+00
2836.2009 1.03548298e+00
2836.8533 1.09062681e+00
2837.5075 9.50169468e-01
2838.1603 9.17902851e-01
2838.8147 1.01276684e+00
2839.4678 1.04028187e+00
2840.1226 1.00989027e+00
2840.7759 9.79268551e-01
2841.4295 1.00560083e+00
2842.0847 9.68614197e-01
2842.7385 9.22918701e-01
2843.3940 9.60005665e-01
2844.0482 8.84038830e-01
2844.7040 9.38246536e-01
2845.3584 1.00892849e+00
2846.0130 9.84147453e-01
2846.6693 9.74674797e-01
2847.3241 8.87441540e-01
2847.9807 9.53631973e-01
2848.6359 9.83874893e-01
2849.2928 9.41122437e-01
2849.9483 1.07363443e+00
2850.6039 1.08106575e+00
2851.2612 1.03400946e+00
2851.9172 9.08979607e-01
2852.5748 9.77995300e-01
2853.2310 9.47493553e-01
2853.8890 1.02403336e+00
2854.5455 9.45853806e-01
2855.2022 9.67911434e-01
2855.8606 1.02443676e+00
2856.5176 1.00188179e+00
2857.1763 9.80050087e-01
2857.8336 1.01502934e+00
2858.4926 1.04670668e+00
2859.1502 9.89271545e-01
2859.8079 9.28052998e-01
2860.4674 1.08113518e+00
2861.1255 9.79541683e-01
2861.7852 1.02003851e+00
2862.4436 8.97560120e-01
2863.1036 1.01453409e+00
2863.7623 9.40561676e-01
2864.4211 1.00030699e+00
2865.0816 9.08352566e-01
2865.7407 8.63131237e-01
2866.4016 8.67720127e-01
2867.0610 8.53637028e-01
2867.7221 1.00204020e+00
2868.3818 1.00971289e+00
2869.0417 9.85963154e-01
2869.7033 9.78715801e-01
2870.3635 9.29971886e-01
2871.0254 9.23995876e-01
2871.6858 1.01886759e+00
2872.3481 1.02681026e+00
2873.0088 9.06765556e-01
2873.6713 8.68114948e-01
2874.3324 1.08516264e+00
2874.9937 9.72349453e-01
2875.6566 1.02255392e+00
2876.3182 9.72876740e-01
2876.9814 1.01675701e+00
2877.6433 9.23532009e-01
2878.3069 9.43515396e-01
2878.9690 9.29709435e-01
2879.6313 9.21375751e-01
2880.2954 9.32879353e-01
2880.9580 9.24113178e-01
2881.6223 9.80726910e-01
2882.2852 8.96053505e-01
2882.9499 9.12800121e-01
2883.6131 8.77807522e-01
2884.2765 1.10824614e+00
2884.9416 7.75028133e-01
2885.6052 9.97500992e-01
2886.2707 8.95847893e-01
2886.9346 8.40292072e-01
2887.6004 1.04780598e+00
2888.2647 9.69942951e-01
2888.9291 8.61578465e-01
2889.5953 9.12885952e-01
2890.2600 7.95136595e-01
2890.9265 1.00394030e+00
2891.5916 9.39270115e-01
2892.2584 8.61070251e-01
2892.9237 8.70077515e-01
2893.5892 1.06589117e+00
2894.2565 7.98426819e-01
2894.9223 9.67273712e-01
2895.5899 7.23897171e-01
2896.2560 9.29711056e-01
2896.9239 7.79878759e-01
2897.5903 9.77922440e-01
2898.2569 9.13944244e-01
2898.9252 8.77758312e-01
2899.5921 8.59410381e-01
2900.2608 8.78410625e-01
2900.9280 8.44104195e-01
2901.5969 8.74181271e-01
2902.2644 9.34961605e-01
2902.9321 9.09971237e-01
2903.6015 8.82096481e-01
2904.2695 8.77172756e-01
2904.9392 8.99312592e-01
2905.6074 8.94379520e-01
2906.2775 9.34796429e-01
2906.9461 1.00668526e+00
2907.6148 1.02141609e+00
2908.2853 8.68468285e-01
2908.9543 9.50089645e-01
2909.6251 8.96618652e-01
2910.2945 9.33940792e-01
2910.9656 9.19297314e-01
2911.6353 8.46307945e-01
2912.3051 8.55244255e-01
2912.9766 8.94379902e-01
2913.6468 9.41667461e-01
2914.3187 9.64040852e-01
2914.9891 8.62144375e-01
2915.6613 8.64524841e-01
2916.3320 8.69565964e-01
2917.0029 8.64081955e-01
2917.6756 8.63058758e-01
2918.3468 9.59764481e-01
2919.0197 9.34194660e-01
2919.6913 8.25359821e-01
2920.3645 9.35681152e-01
2921.0364 8.83147049e-01
2921.7083 1.00125313e+00
2922.3821 8.69368267e-01
2923.0544 8.66527939e-01
2923.7284 9.58238220e-01
2924.4010 8.95921421e-01
2925.0754 9.43455887e-01
2925.7483 9.53815079e-01
2926.4230 9.84951687e-01
2927.0962 9.99957275e-01
2927.7696 1.18966980e+00
2928.4447 9.21291447e-01
2929.1184 8.61210823e-01
2929.7938 9.68233395e-01
2930.4678 9.79428577e-01
2931.1436 7.90922022e-01
2931.8179 9.67938805e-01
2932.4924 1.06948280e+00
2933.1686 1.02666855e+00
2933.8434 1.02301207e+00
2934.5199 9.63549995e-01
2935.1950 8.25713062e-01
2935.8718 1.07161503e+00
2936.5472 9.00227261e-01
2937.2228 1.01129417e+00
2937.9001 8.90503216e-01
2938.5759 9.58145905e-01
2939.2536 9.07460022e-01
2939.9297 8.49992943e-01
2940.6077 8.61943054e-01
2941.2842 9.75477791e-01
2941.9608 8.99794292e-01
2942.6392 1.06252251e+00
2943.3162 9.22312260e-01
2943.9949 9.52354717e-01
2944.6721 9.29547977e-01
2945.3512 8.68773460e-01
2946.0288 9.25312042e-01
2946.7065 9.31762218e-01
2947.3860 9.29461193e-01
2948.0640 8.40541744e-01
2948.7438 8.38780212e-01
2949.4222 9.37462425e-01
2950.1023 9.28347301e-01
2950.7810 9.73363495e-01
2951.4598 9.18411922e-01
2952.1404 9.31324863e-01
2952.8196 8.35712814e-01
2953.5005 9.02716255e-01
2954.1799 9.99399471e-01
2954.8612 9.03984833e-01
2955.5409 9.77637005e-01
2956.2208 7.42112398e-01
2956.9025 9.14647961e-01
2957.5828 9.90337276e-01
2958.2648 9.09891319e-01
2958.9453 1.07328243e+00
2959.6276 8.62346458e-01
2960.3085 9.11978054e-01
2960.9895 8.67014027e-01
2961.6723 9.15989113e-01
2962.3536 9.10735893e-01
2963.0368 7.89734650e-01
2963.7184 8.06320953e-01
2964.4018 8.40384960e-01
2965.0838 1.06691723e+00
2965.7659 9.81861591e-01
2966.4498 9.06940079e-01
2967.1322 8.13459492e-01
2967.8164 9.79693985e-01
2968.4992 7.58777189e-01
2969.1837 9.08734035e-01
2969.8668 9.97060680e-01
2970.5500 8.92576218e-01
2971.2350 1.03927021e+00
2971.9185 8.44686985e-01
2972.6038 8.47324944e-01
2973.2877 7.99520636e-01
2973.9733 9.09498119e-01
2974.6575 8.81741524e-01
2975.3418 8.81514168e-01
2976.0279 9.78046608e-01
2976.7125 8.54976940e-01
2977.3989 7.34139395e-01
2978.0839 8.56295872e-01
2978.7706 9.75550461e-01
2979.4559 8.70552540e-01
2980.1429 9.97620010e-01
2980.8285 8.99619484e-01
2981.5143 1.08812771e+00
2982.2018 9.21065331e-01
2982.8878 9.72451591e-01
2983.5757 7.03502512e-01
2984.2621 9.37249756e-01
2984.9502 9.01752949e-01
2985.6369 1.07986488e+00
2986.3237 9.08741570e-01
2987.0124 9.83119202e-01
2987.6995 1.01593056e+00
2988.3885 9.62938213e-01
2989.0760 1.00225410e+00
2989.7653 9.15451050e-01
2990.4530 9.22799969e-01
2991.1410 1.00434618e+00
2991.8307 1.01124363e+00
2992.5190 8.13779449e-01
2993.2091 7.33919573e-01
2993.8977 9.84117317e-01
2994.5880 7.29699183e-01
2995.2769 8.91565037e-01
2995.9660 9.49962425e-01
2996.6569 8.75570488e-01
2997.3462 9.63832760e-01
2998.0374 8.62124920e-01
2998.7271 9.12646580e-01
2999.4186 8.96847248e-01
3000.1086 8.70914364e-01
3000.7988 8.51009941e-01
3001.4908 9.46030521e-01
3002.1813 9.48838139e-01
3002.8736 8.38621616e-01
3003.5644 9.11022186e-01
3004.2570 1.08430834e+00
3004.9481 9.90932083e-01
3005.6394 7.56696510e-01
3006.3325 8.20207214e-01
3007.0241 9.05549717e-01
3007.7175 8.26668644e-01
3008.4094 7.79050064e-01
3009.1032 7.73452997e-01
3009.7954 7.67611933e-01
3010.4878 7.06625843e-01
3011.1820 8.92873383e-01
3011.8747 9.51466560e-01
3012.5693 8.64132214e-01
3013.2623 9.82497978e-01
3013.9572 8.43713570e-01
3014.6505 8.85531807e-01
3015.3440 9.73563290e-01
3016.0394 7.29548836e-01
3016.7332 8.29391193e-01
3017.4289 9.30816460e-01
3018.1230 8.84277821e-01
3018.8190 7.90726042e-01
3019.5135 7.87697315e-01
3020.2081 8.60910511e-01
3020.9045 8.33257389e-01
3021.5995 7.80114985e-01
3022.2963 9.20334816e-01
3022.9915 9.44830799e-01
3023.6886 9.14603138e-01
3024.3842 8.75487995e-01
3025.0800 9.49420452e-01
3025.7776 9.54011726e-01
3026.4736 8.87961960e-01
3027.1715 9.46893787e-01
3027.8679 9.47696304e-01
3028.5662 9.94561100e-01
3029.2629 9.19412708e-01
3029.9598 8.12125111e-01
3030.6585 8.18724632e-01
3031.3557 8.50640202e-01
3032.0547 8.30671024e-01
3032.7522 8.54086685e-01
3033.4515 8.31204128e-01
3034.1494 9.37022400e-01
3034.8491 8.53654766e-01
3035.5472 9.06054878e-01
3036.2455 8.66129684e-01
3036.9457 8.35887814e-01
3037.6443 8.50162983e-01
3038.3448 8.10509205e-01
3039.0438 8.62190342e-01
3039.7446 8.76427364e-01
3040.4439 9.74575233e-01
3041.1433 9.61246109e-01
3041.8446 8.34364796e-01
3042.5444 8.37439346e-01
3043.2460 9.01971149e-01
3043.9461 7.51088381e-01
3044.6480 7.92868376e-01
3045.3484 8.60860825e-01
3046.0490 7.61933613e-01
3046.7514 7.30852509e-01
3047.4523 1.03055887e+00
3048.1550 8.29366875e-01
3048.8563 8.27609444e-01
3049.5593 8.46130657e-01
3050.2609 8.93967247e-01
3050.9626 8.17048168e-01
3051.6661 8.29936314e-01
3052.3682 8.26418686e-01
3053.0720 8.16088867e-01
3053.7744 7.91782045e-01
3054.4786 7.03936625e-01
3055.1813 9.04245377e-01
3055.8841 7.30327272e-01
3056.5888 9.14476871e-01
3057.2919 8.53949451e-01
3057.9969 8.89791584e-01
3058.7004 8.49851227e-01
3059.4058 9.25021076e-01
3060.1096 7.55972004e-01
3060.8136 9.03009892e-01
3061.5194 8.34946823e-01
3062.2237 8.20782566e-01
3062.9298 8.96170712e-01
3063.6344 8.27784729e-01
3064.3409 8.24103069e-01
3065.0458 8.47902489e-01
3065.7510 8.32327271e-01
3066.4579 7.79744482e-01
3067.1633 8.55165958e-01
3067.8706 7.95961857e-01
3068.5764 7.96328259e-01
3069.2840 8.00714684e-01
3069.9901 7.74354839e-01
3070.6963 7.91783094e-01
3071.4044 8.88460255e-01
3072.1110 9.26335716e-01
3072.8194 8.42610931e-01
3073.5263 8.70745564e-01
3074.2351 8.73237038e-01
3074.9423 9.47265339e-01
3075.6497 8.92082024e-01
3076.3589 8.50838470e-01
3077.0666 8.79757309e-01
3077.7762 8.55487823e-01
3078.4842 7.49182844e-01
3079.1941 8.08320045e-01
3079.9025 9.38037300e-01
3080.6110 7.13089371e-01
3081.3214 8.36675262e-01
3082.0302 7.68439770e-01
3082.7410 8.78876591e-01
3083.4501 8.24170589e-01
3084.1612 7.07266140e-01
3084.8707 9.18124390e-01
3085.5820 8.91004562e-01
3086.2919 7.70299387e-01
3087.0019 8.49552155e-01
3087.7137 9.06646156e-01
3088.4241 7.48616219e-01
3089.1362 8.26184368e-01
3089.8469 8.17207527e-01
3090.5594 8.46787357e-01
3091.2704 7.16644907e-01
3091.9815 6.77032757e-01
3092.6945 7.81079960e-01
3093.4060 9.09180069e-01
3094.1193 8.35758114e-01
3094.8311 7.76651382e-01
3095.5448 9.00504494e-01
3096.2569 8.11517239e-01
3096.9692 9.25156212e-01
3097.6834 8.88664341e-01
3098.3960 8.22509098e-01
3099.1105 8.62432194e-01
3099.8234 8.50122547e-01
3100.5382 7.75112581e-01
3101.2515 7.57070208e-01
3101.9649 7.33631945e-01
3102.6802 8.16458797e-01
3103.3940 8.60029411e-01
3104.1096 7.83094168e-01
3104.8237 8.82638550e-01
3105.5397 7.82014751e-01
3106.2541 8.48127365e-01
3106.9687 7.87463665e-01
3107.6852 7.98112535e-01
3108.4001 7.25155354e-01
3109.1169 8.27454472e-01
3109.8321 7.92820454e-01
3110.5493 7.24508047e-01
3111.2648 8.82524872e-01
3111.9806 8.80083275e-01
3112.6982 7.21962070e-01
3113.4143 8.54006958e-01
3114.1322 8.52281857e-01
3114.8486 9.00125122e-01
3115.5669 9.28431225e-01
3116.2836 8.81015873e-01
3117.0005 8.89128780e-01
3117.7193 7.67714357e-01
3118.4365 7.98574114e-01
3119.1556 8.25488091e-01
3119.8732 7.47162676e-01
3120.5926 9.09237003e-01
3121.3105 8.02522087e-01
3122.0286 8.49293518e-01
3122.7485 7.29204273e-01
3123.4669 7.02743626e-01
3124.1871 8.79461288e-01
3124.9059 7.79612112e-01
3125.6265 8.91949368e-01
3126.3455 7.57822323e-01
3127.0647 7.49566650e-01
3127.7858 7.69921684e-01
3128.5054 7.79793406e-01
3129.2268 7.69890165e-01
3129.9467 7.81164694e-01
3130.6684 8.44949055e-01
3131.3886 7.59755754e-01
3132.1090 8.64238167e-01
3132.8312 8.97345924e-01
3133.5519 8.36476135e-01
3134.2745 7.50474930e-01
3134.9956 8.69440365e-01
3135.7185 7.33588219e-01
3136.4399 8.79806805e-01
3137.1614 8.55805206e-01
3137.8848 8.02898979e-01
3138.6067 8.53061962e-01
3139.3304 7.26610708e-01
3140.0526 7.47858477e-01
3140.7767 8.87918854e-01
3141.4993 6.32166433e-01
3142.2237 1.00042105e+00
3142.9466 1.02979898e+00
3143.6696 1.09027662e+00
3144.3945 7.81900597e-01
3145.1179 7.03142643e-01
3145.8431 7.71730375e-01
3146.5668 9.25166416e-01
3147.2924 8.89206886e-01
3148.0164 6.33521748e-01
3148.7406 7.65245533e-01
3149.4667 7.49412251e-01
3150.1913 8.43301964e-01
3150.9177 9.22584629e-01
3151.6426 7.62256908e-01
3152.3693 7.69832611e-01
3153.0945 7.80618763e-01
3153.8199 1.03448210e+00
3154.5471 7.45269823e-01
3155.2728 8.32497120e-01
3156.0004 6.82664824e-01
3156.7265 7.57273388e-01
3157.4544 7.92820454e-01
3158.1808 7.02074814e-01
3158.9073 7.65140104e-01
3159.6358 8.23679161e-01
3160.3626 7.86519861e-01
3161.0914 8.28012180e-01
3161.8186 8.25425339e-01
3162.5477 9.15228271e-01
3163.2752 7.93553019e-01
3164.0030 8.79140568e-01
3164.7326 8.05644608e-01
3165.4606 6.61818361e-01
3166.1906 6.72159004e-01
3166.9189 6.31628513e-01
3167.6492 1.20866213e+00
3168.3779 9.75225449e-01
3169.1068 8.04931736e-01
3169.8376 7.64999247e-01
3170.5668 9.66708946e-01
3171.2979 9.87752819e-01
3172.0275 7.43177271e-01
3172.7590 8.80242157e-01
3173.4889 7.06895733e-01
3174.2189 6.97555304e-01
3174.9509 7.58931494e-01
3175.6813 8.32367420e-01
3176.4136 1.00482321e+00
3177.1443 7.14708424e-01
3177.8769 7.86392117e-01
3178.6080 8.10817528e-01
3179.3392 7.97906399e-01
3180.0724 8.11302185e-01
3180.8040 7.89640522e-01
3181.5375 8.51245022e-01
3182.2694 9.36291218e-01
3183.0032 8.36187267e-01
3183.7354 7.14054966e-01
3184.4678 7.93424511e-01
3185.2022 7.64209604e-01
3185.9349 8.17225075e-01
3186.6696 6.67542458e-01
3187.4027 1.09688549e+00
3188.1377 4.39259815e-01
3188.8711 1.02380648e+00
3189.6047 7.93946075e-01
3190.3402 8.15192318e-01
3191.0742 8.19095421e-01
3191.8100 8.58183098e-01
3192.5443 6.93025637e-01
3193.2805 8.59937954e-01
3194.0151 7.55846405e-01
3194.7499 9.53726768e-01
3195.4866 8.90193176e-01
3196.2217 8.48302937e-01
3196.9587 8.38302708e-01
3197.6942 7.41052246e-01
3198.4316 1.22583580e+00
3199.1674 1.41549742e-01
3199.9051 1.29336271e+00
3200.6412 1.11546278e+00
3201.3775 8.79266739e-01
3202.1158 8.68663025e-01
3202.8524 7.31760645e-01
3203.5910 7.38485384e-01
3204.3280 8.25125885e-01
3205.0669 6.98960209e-01
3205.8042 9.49202061e-01
3206.5417 5.31247950e-01
3207.2811 1.19977274e+00
3208.0189 7.10946369e-01
3208.7587 9.29556942e-01
3209.4969 7.52726030e-01
3210.2370 7.32673502e-01
3210.9755 7.23401308e-01
3211.7142 9.25288868e-01
3212.4548 7.37814093e-01
3213.1938 1.00685806e+00
3213.9347 9.10324764e-01
3214.6741 8.03452015e-01
3215.4154 7.34780312e-01
3216.1551 7.22406816e-01
3216.8950 8.28942585e-01
3217.6368 7.52128267e-01
3218.3770 7.21952295e-01
3219.1192 8.43609905e-01
3219.8597 7.59747028e-01
3220.6022 7.39712048e-01
3221.3431 7.56729698e-01
3222.0842 7.07232904e-01
3222.8272 7.37514734e-01
3223.5686 4.72882938e-01
3224.3119 8.90513897e-01
3225.0537 7.78812790e-01
3225.7974 8.30085850e-01
3226.5395 8.00324821e-01
3227.2817 9.06522942e-01
3228.0259 9.81592941e-01
3228.7685 5.76547003e-01
3229.5131 8.66566849e-01
3230.2560 7.56337547e-01
3231.0009 7.47643375e-01
3231.7442 7.99603748e-01
3232.4876 7.95843792e-01
3233.2331 8.74749851e-01
3233.9769 8.11204815e-01
3234.7226 6.79506588e-01
3235.4667 9.12378407e-01
3236.2128 8.50200272e-01
3236.9573 8.85283756e-01
3237.7020 7.69776964e-01
3238.4486 7.59368992e-01
3239.1936 8.92072582e-01
3239.9405 7.90587568e-01
3240.6859 7.61079693e-01
3241.4332 8.37009048e-01
3242.1789 7.88424540e-01
3242.9247 6.39719963e-01
3243.6725 8.45272255e-01
3244.4187 6.66863394e-01
3245.1669 9.07781601e-01
3245.9134 7.50523281e-01
3246.6619 8.78801250e-01
3247.4088 8.69123840e-01
3248.1559 9.07270622e-01
3248.9049 7.98042917e-01
3249.6523 7.82830858e-01
3250.4017 6.99925041e-01
3251.1494 8.47926998e-01
3251.8991 8.83861351e-01
3252.6472 8.63824654e-01
3253.3955 7.82595587e-01
3254.1457 8.11119747e-01
3254.8943 9.13843441e-01
3255.6449 7.76291418e-01
3256.3939 7.31742811e-01
3257.1448 8.57906818e-01
3257.8941 8.75264168e-01
3258.6454 6.96767378e-01
3259.3950 8.72245884e-01
3260.1448 8.81019783e-01
3260.8966 8.56049633e-01
3261.6468 7.64579678e-01
3262.3989 8.57194805e-01
3263.1494 7.45021963e-01
3263.9019 9.29024982e-01
3264.6527 8.19429874e-01
3265.4038 7.43968678e-01
3266.1568 8.10190487e-01
3266.9081 7.28793955e-01
3267.6615 8.03222847e-01
3268.4132 6.80467987e-01
3269.1669 7.07774210e-01
3269.9190 8.03046036e-01
3270.6712 8.61899185e-01
3271.4254 9.33024883e-01
3272.1780 6.15769482e-01
3272.9325 6.15201998e-01
3273.6855 1.00386295e+00
3274.4404 1.06303596e+00
3275.1937 8.19253826e-01
3275.9471 1.11672134e+00
3276.7025 1.11441469e+00
3277.4563 8.21620750e-01
3278.2121 7.35736179e-01
3278.9663 8.91790485e-01
3279.7224 9.16362190e-01
3280.4769 6.11272097e-01
3281.2316 9.14107609e-01
3281.9882 6.75123882e-01
3282.7432 7.63618755e-01
3283.5002 7.51213598e-01
3284.2556 1.01059628e+00
3285.0129 8.45924377e-01
3285.7686 8.89208221e-01
3286.5245 8.88928318e-01
3287.2824 9.07719517e-01
3288.0386 1.11817322e+00
3288.7968 8.80783176e-01
3289.5534 9.30707741e-01
3290.3120 1.05698881e+00
3291.0689 8.99340725e-01
3291.8260 1.04158020e+00
3292.5851 7.78533220e-01
3293.3426 1.09877052e+00
3294.1020 9.81462383e-01
3294.8598 1.01899147e+00
3295.6196 1.04252148e+00
3296.3777 7.22717810e-01
3297.1361 6.94675255e-01
3297.8964 6.40769386e-01
3298.6551 7.79327631e-01
3299.4157 7.75180292e-01
3300.1747 6.90581799e-01
3300.9358 9.59690380e-01
3301.6951 8.67083740e-01
3302.4547 9.13258457e-01
3303.2162 7.90974140e-01
3303.9761 8.34485722e-01
3304.7380 6.86419249e-01
3305.4983 7.86210823e-01
3306.2605 8.65808201e-01
3307.0211 6.73316288e-01
3307.7819 6.77459955e-01
3308.5447 8.76819801e-01
3309.3058 7.43261385e-01
3310.0689 7.14453745e-01
3310.8304 7.67790270e-01
3311.5938 8.44478321e-01
3312.3557 4.65107822e-01
3313.1177 6.61589336e-01
3313.8817 6.62204313e-01
3314.6440 9.22062969e-01
3315.4084 8.29103947e-01
3316.1711 7.00188875e-01
3316.9358 8.74476910e-01
3317.6988 7.39696550e-01
3318.4639 6.92715168e-01
3319.2273 8.21002865e-01
3319.9909 8.88766003e-01
3320.7565 8.05057716e-01
3321.5204 8.18522835e-01
3322.2863 8.29119205e-01
3323.0506 8.00342178e-01
3323.8169 6.61739588e-01
3324.5816 9.98152256e-01
3325.3464 1.08669672e+00
3326.1132 9.07806110e-01
3326.8784 8.32147598e-01
3327.6455 1.02226973e+00
3328.4110 7.95688725e-01
3329.1786 6.07650042e-01
3329.9444 7.68080425e-01
3330.7105 8.10682297e-01
3331.4786 5.94169426e-01
3332.2450 6.82064152e-01
3333.0134 7.98087454e-01
3333.7801 7.74354744e-01
3334.5489 5.79053164e-01
3335.3160 7.33512306e-01
3336.0833 4.49164629e-01
3336.8526 9.28639603e-01
3337.6202 6.44468307e-01
3338.3899 6.22928667e-01
3339.1578 8.05089092e-01
3339.9278 6.84003925e-01
3340.6962 7.85057592e-01
3341.4647 7.38980055e-01
3342.2352 7.39686346e-01
3343.0041 7.27825451e-01
3343.7750 8.93910503e-01
3344.5442 7.51853037e-01
3345.3155 6.84651804e-01
3346.0851 5.41321039e-01
3346.8548 6.36808872e-01
3347.6266 6.72916126e-01
3348.3967 7.33992386e-01
3349.1689 6.39472198e-01
3349.9393 7.10485601e-01
3350.7118 8.03446960e-01
3351.4827 9.73101330e-01
3352.2537 8.19060802e-01
3353.0267 7.61167288e-01
3353.7980 7.91420031e-01
3354.5714 9.39435577e-01
3355.3431 9.23520565e-01
3356.1169 8.94643402e-01
3356.8889 7.17018270e-01
3357.6612 6.71570301e-01
3358.4355 9.89363194e-01
3359.2081 7.86630630e-01
3359.9827 8.70473576e-01
3360.7556 8.86170864e-01
3361.5306 5.32494402e-01
3362.3039 7.18406153e-01
3363.0774 5.25249910e-01
3363.8530 6.69192410e-01
3364.6268 8.11036205e-01
3365.4027 8.67251778e-01
3366.1769 7.78972483e-01
3366.9531 7.53639078e-01
3367.7277 6.26626158e-01
3368.5024 7.38119698e-01
3369.2792 8.71630383e-01
3370.0543 8.28119278e-01
3370.8314 6.09938622e-01
3371.6069 8.28583527e-01
3372.3844 3.56977558e-01
3373.1602 5.69542551e-01
3373.9362 9.21150875e-01
3374.7142 6.09989643e-01
3375.4905 7.99568701e-01
3376.2689 7.71226978e-01
3377.0456 7.27916336e-01
3377.8244 6.08270979e-01
3378.6014 1.40439663e+00
3379.3805 5.65396643e-01
3380.1579 8.37477875e-01
3380.9355 8.71446896e-01
3381.7152 8.94967937e-01
3382.4931 6.54151583e-01
3383.2731 9.21076679e-01
3384.0515 5.77656460e-01
3384.8318 8.81467724e-01
3385.6105 3.88137579e-01
3386.3893 1.15084238e+00
3387.1702 4.78116703e-01
3387.9494 9.20467567e-01
3388.7307 6.06414175e-01
3389.5103 6.42279911e-01
3390.2919 6.30514717e-01
3391.0718 6.09239244e-01
3391.8519 7.24759197e-01
3392.6341 4.17579699e-01
3393.4146 1.14268274e+00
3394.1971 1.80890799e-01
3394.9779 1.03091192e+00
3395.7608 6.54776716e-01
3396.5420 7.53226185e-01
3397.3233 8.52163696e-01
3398.1068 5.72162199e-01
3398.8885 1.13971548e+00
3399.6723 4.35035324e-01
3400.4543 1.34400730e+00
3401.2385 5.07901382e-01
3402.0209 6.99667072e-01
3402.8036 7.30039549e-01
3403.5882 6.30443907e-01
3404.3712 7.02955341e-01
3405.1563 7.25678825e-01
3405.9396 6.97674370e-01
3406.7250 6.67628527e-01
3407.5087 7.06397867e-01
3408.2926 6.66427803e-01
3409.0786 7.89392662e-01
3409.8628 7.07451773e-01
3410.6491 9.63525867e-01
3411.4338 1.06634693e+00
3412.2204 7.72779608e-01
3413.0054 6.84859419e-01
3413.7906 6.94837952e-01
3414.5778 6.44909000e-01
3415.3633 8.67137146e-01
3416.1509 9.84826469e-01
3416.9367 9.87134266e-01
3417.7247 8.13952541e-01
3418.5109 5.14843225e-01
3419.2974 8.31943417e-01
3420.0858 5.73611546e-01
3420.8726 6.21679974e-01
3421.6615 7.59261322e-01
3422.4486 6.70827293e-01
3423.2378 6.80167341e-01
3424.0253 6.98584414e-01
3424.8130 8.30861282e-01
3425.6028 7.19748878e-01
3426.3908 7.35278463e-01
3427.1810 8.31770897e-01
3427.9694 6.50410891e-01
3428.7599 5.67587090e-01
3429.5486 6.54646921e-01
3430.3376 5.47406864e-01
3431.1286 6.82758045e-01
3431.9180 5.28591204e-01
3432.7093 7.30546236e-01
3433.4990 6.02521944e-01
3434.2908 9.09005451e-01
3435.0809 5.85847282e-01
3435.8711 5.97839403e-01
3436.6634 6.02438736e-01
3437.4540 7.46150017e-01
3438.2467 7.44210434e-01
3439.0376 7.73205948e-01
3439.8307 7.41897058e-01
3440.6220 6.50500202e-01
3441.4154 7.31446028e-01
3442.2071 7.27271080e-01
3442.9990 7.73543882e-01
3443.7929 7.07341814e-01
3444.5851 5.56862307e-01
3445.3795 5.63923359e-01
3446.1721 6.73234558e-01
3446.9667 7.88241196e-01
3447.7597 7.09308147e-01
3448.5529 8.52402592e-01
3449.3481 6.27911139e-01
3450.1416 7.63954973e-01
3450.9372 6.84190083e-01
3451.7311 4.54065800e-01
3452.5271 7.35304117e-01
3453.3213 7.39952803e-01
3454.1157 9.68049240e-01
3454.9122 8.93595409e-01
3455.7070 5.69866085e-01
3456.5039 9.40371227e-01
3457.2991 6.67430115e-01
3458.0963 7.91956902e-01
3458.8919 5.50207472e-01
3459.6876 5.40304232e-01
3460.4854 5.63504839e-01
3461.2815 7.95331860e-01
3462.0796 5.40395784e-01
3462.8761 7.29940271e-01
3463.6746 8.58937645e-01
3464.4714 4.93152332e-01
3465.2684 5.60814238e-01
3466.0675 6.89722633e-01
3466.8649 7.96587753e-01
3467.6643 6.70792007e-01
3468.4620 7.26941824e-01
3469.2619 6.03793669e-01
3470.0600 7.48085499e-01
3470.8582 6.62924957e-01
3471.6586 7.17711782e-01
3472.4573 4.32639790e-01
3473.2580 8.27148533e-01
3474.0570 6.50390959e-01
3474.8581 8.09500504e-01
3475.6575 6.89724779e-01
3476.4571 4.11352539e-01
3477.2587 8.17738628e-01
3478.0587 7.52310801e-01
3478.8607 7.73212624e-01
3479.6610 6.30935097e-01
3480.4634 7.41357517e-01
3481.2641 4.91857147e-01
3482.0650 5.42907095e-01
3482.8679 6.59909821e-01
3483.6692 7.42565298e-01
3484.4725 7.32730532e-01
3485.2741 5.90405035e-01
3486.0778 5.94416332e-01
3486.8797 7.09084988e-01
3487.6819 8.14340973e-01
3488.4861 8.89756680e-01
3489.2887 6.90309620e-01
3490.0933 4.22928715e-01
3490.8962 7.71193075e-01
3491.7012 7.94483471e-01
3492.5044 9.52090645e-01
3493.3079 7.78351021e-01
