# # Wavelength(A) Flux_density(10^{-16} erg/s^{-1}/cm^{-2}/A^{-1})
1445.0639 2.23793579e+00
1448.3952 2.54126378e+00
1451.7341 2.58292547e+00
1455.0807 2.63856203e+00
1458.4350 2.64447659e+00
1461.7971 2.56967009e+00
1465.1668 2.35125996e+00
1468.5444 2.66167040e+00
1471.9297 2.30681898e+00
1475.3228 2.46279049e+00
1478.7239 2.41831118e+00
1482.1327 2.55194839e+00
1485.5493 2.54720528e+00
1488.9739 2.53416998e+00
1492.4063 2.47847427e+00
1495.8466 2.77959084e+00
1499.2948 2.50945507e+00
1502.7512 2.24542770e+00
1506.2154 2.35159830e+00
1509.6875 2.14293793e+00
1513.1678 2.35022154e+00
1516.6559 2.35963972e+00
1520.1522 2.40940702e+00
1523.6565 2.38119213e+00
1527.1689 2.29124655e+00
1530.6894 2.43318617e+00
1534.2180 2.26435665e+00
1537.7548 2.29819016e+00
1541.2997 2.34338940e+00
1544.8526 2.29184278e+00
1548.4140 2.09959049e+00
1551.9833 2.00586109e+00
1555.5610 2.05480469e+00
1559.1471 2.04974995e+00
1562.7413 2.04473177e+00
1566.3437 2.03974981e+00
1569.9545 2.03480337e+00
1573.5737 1.92475351e+00
1577.2011 1.96231264e+00
1580.8368 1.98428360e+00
1584.4811 2.00801945e+00
1588.1338 2.08901857e+00
1591.7948 2.04097256e+00
1595.4643 1.96621378e+00
1599.1421 1.97100826e+00
1602.8285 2.06294558e+00
1606.5234 2.06182407e+00
1610.2269 2.06928753e+00
1613.9388 2.20174875e+00
1617.6594 1.96200191e+00
1621.3885 2.05943495e+00
1625.1262 2.05194148e+00
1628.8724 2.06737808e+00
1632.6274 2.11191168e+00
1636.3909 2.10698515e+00
1640.1632 2.05556545e+00
1643.9442 2.12216700e+00
1647.7339 2.03268148e+00
1651.5323 2.03877222e+00
1655.3395 2.06894020e+00
1659.1554 2.05226650e+00
1662.9802 2.03020908e+00
1666.8137 2.01064299e+00
1670.6562 1.98729259e+00
1674.5074 1.98117178e+00
1678.3675 1.94765055e+00
1682.2367 1.98240971e+00
1686.1145 1.86776466e+00
1690.0014 1.96300793e+00
1693.8973 1.81600008e+00
1697.8021 1.93010193e+00
1701.7159 1.84871212e+00
1705.6388 1.95650772e+00
1709.5708 1.99186440e+00
1713.5118 2.05116098e+00
1717.4617 1.73783623e+00
1721.4210 1.92904749e+00
1725.3891 2.03012369e+00
1729.3666 1.85382578e+00
1733.3533 1.89126535e+00
1737.3491 2.00028496e+00
1741.3541 1.83455198e+00
1745.3683 1.83129196e+00
1749.3918 1.88774048e+00
1753.4245 1.86616991e+00
1757.4665 1.88078020e+00
1761.5180 1.77961886e+00
1765.5787 1.82038101e+00
1769.6488 1.90153181e+00
1773.7283 1.81320375e+00
1777.8171 1.86757874e+00
1781.9154 1.92418922e+00
1786.0231 1.94198107e+00
1790.1403 1.79756668e+00
1794.2670 1.86315662e+00
1798.4032 1.79473186e+00
1802.5490 1.78746161e+00
1806.7043 1.84427456e+00
1810.8691 1.84939047e+00
1815.0437 1.85758694e+00
1819.2277 1.78756802e+00
1823.4215 1.75368906e+00
1827.6249 1.78235237e+00
1831.8381 1.79265241e+00
1836.0609 1.87129166e+00
1840.2935 1.75481403e+00
1844.5358 1.79292153e+00
1848.7879 1.66068480e+00
1853.0496 1.78013560e+00
1857.3215 1.83961037e+00
1861.6029 1.73315228e+00
1865.8945 1.69886250e+00
1870.1959 1.71583364e+00
1874.5070 1.74740713e+00
1878.8282 1.71176586e+00
1883.1594 1.70300000e+00
1887.5005 1.62332850e+00
1891.8516 1.72732927e+00
1896.2127 1.69438146e+00
1900.5841 1.64779137e+00
1904.9654 1.67546708e+00
1909.3567 1.59639956e+00
1913.7583 1.65790346e+00
1918.1699 1.54918700e+00
1922.5917 1.54763268e+00
1927.0237 1.56563187e+00
1931.4660 1.53964526e+00
1935.9186 1.50197910e+00
1940.3813 1.57969393e+00
1944.8544 1.49236786e+00
1949.3377 1.52701751e+00
1953.8313 1.43290439e+00
1958.3354 1.49575191e+00
1962.8497 1.43944239e+00
1967.3746 1.41788436e+00
1971.9101 1.42112613e+00
1976.4557 1.46705642e+00
1981.0119 1.36038545e+00
1985.5786 1.46084608e+00
1990.1558 1.44255271e+00
1994.7436 1.42291113e+00
1999.3418 1.41337361e+00
2003.9510 1.46672849e+00
2008.5706 1.42489173e+00
2013.2007 1.41333992e+00
2017.8417 1.41747214e+00
2022.4932 1.39064127e+00
2027.1555 1.41681644e+00
2031.8286 1.39695116e+00
2036.5124 1.36333102e+00
2041.2072 1.34894466e+00
2045.9126 1.34587548e+00
2050.6290 1.33507363e+00
2055.3561 1.38226574e+00
2060.0941 1.41311264e+00
2064.8432 1.34551154e+00
2069.6031 1.36493969e+00
2074.3740 1.38642648e+00
2079.1561 1.39349634e+00
2083.9490 1.36448815e+00
2088.7530 1.34304636e+00
2093.5680 1.37970572e+00
2098.3942 1.33502460e+00
2103.2315 1.31804596e+00
2108.0798 1.41010380e+00
2112.9396 1.29586275e+00
2117.8105 1.47084095e+00
2122.6924 1.34203241e+00
2127.5859 1.32296525e+00
2132.4903 1.32079265e+00
2137.4062 1.29920854e+00
2142.3334 1.28287726e+00
2147.2720 1.26576190e+00
2152.2220 1.30487884e+00
2157.1835 1.32844556e+00
2162.1563 1.35184536e+00
2167.1406 1.26769444e+00
2172.1362 1.29730680e+00
2177.1436 1.32805810e+00
2182.1624 1.28533277e+00
2187.1928 1.27792597e+00
2192.2349 1.29592269e+00
2197.2885 1.28017945e+00
2202.3538 1.22891790e+00
2207.4307 1.24221482e+00
2212.5193 1.24407138e+00
2217.6197 1.20210315e+00
2222.7317 1.22649092e+00
2227.8558 1.22977467e+00
2232.9915 1.21262836e+00
2238.1391 1.21930932e+00
2243.2987 1.15745935e+00
2248.4699 1.19102564e+00
2253.6531 1.16158857e+00
2258.8483 1.21463863e+00
2264.0555 1.19055511e+00
2269.2747 1.20568006e+00
2274.5059 1.15842918e+00
2279.7493 1.22062288e+00
2285.0046 1.14159372e+00
2290.2720 1.18992523e+00
2295.5517 1.20454933e+00
2300.8434 1.20858681e+00
2306.1474 1.21471991e+00
2311.4637 1.23593796e+00
2316.7922 1.23882977e+00
2322.1330 1.22953954e+00
2327.4860 1.25334474e+00
2332.8514 1.24577723e+00
2338.2292 1.19496569e+00
2343.6192 1.19632882e+00
2349.0220 1.18645915e+00
2354.4370 1.18296524e+00
2359.8645 1.14581130e+00
2365.3047 1.19316160e+00
2370.7572 1.19718595e+00
2376.2223 1.19247706e+00
2381.7001 1.18486567e+00
2387.1905 1.22111767e+00
2392.6935 1.19832451e+00
2398.2092 1.23196837e+00
2403.7378 1.25173940e+00
2409.2790 1.23755843e+00
2414.8328 1.23861471e+00
2420.3997 1.21728809e+00
2425.9791 1.19557383e+00
2431.5716 1.18957880e+00
2437.1769 1.16394059e+00
2442.7953 1.14337674e+00
2448.4266 1.15188066e+00
2454.0708 1.14663141e+00
2459.7280 1.12476281e+00
2465.3982 1.17933637e+00
2471.0814 1.13668706e+00
2476.7780 1.11960055e+00
2482.4874 1.10230116e+00
2488.2103 1.07571918e+00
2493.9463 1.10927571e+00
2499.6953 1.07268108e+00
2505.4577 1.11004521e+00
2511.2334 1.08050776e+00
2517.0223 1.04674406e+00
2522.8247 1.09754034e+00
2528.6402 1.06085841e+00
2534.4696 1.07422401e+00
2540.3122 1.08846408e+00
2546.1681 1.05452612e+00
2552.0377 1.11714767e+00
2557.9206 1.10703945e+00
2563.8172 1.06528701e+00
2569.7274 1.09850196e+00
2575.6513 1.05653185e+00
2581.5889 1.01634259e+00
2587.5401 1.02453426e+00
2593.5050 1.04073613e+00
2599.4836 1.04604950e+00
2605.4759 1.00855939e+00
2611.4823 1.03586718e+00
2617.5022 1.06348546e+00
2623.5362 1.01390382e+00
2629.5843 1.05241028e+00
2635.6460 1.07667580e+00
2641.7218 1.04935199e+00
2647.8116 1.02945347e+00
2653.9154 9.91805687e-01
2660.0333 9.92484064e-01
2666.1652 9.94947405e-01
2672.3116 1.01082759e+00
2678.4719 9.62581778e-01
2684.6463 1.00082208e+00
2690.8351 1.01196206e+00
2697.0380 9.74667606e-01
2703.2553 9.82481041e-01
2709.4870 9.35914917e-01
2715.7330 9.71828852e-01
2721.9935 9.40464087e-01
2728.2684 9.63311377e-01
2734.5577 9.60517368e-01
2740.8615 9.45762291e-01
2747.1796 1.00504430e+00
2753.5127 9.50383434e-01
2759.8600 9.86681004e-01
2766.2222 9.31152287e-01
2772.5993 9.87884293e-01
2778.9906 9.42284298e-01
2785.3968 1.04383620e+00
2791.8178 1.03520505e+00
2798.2536 1.15432606e+00
2804.7043 1.11867908e+00
2811.1696 1.08092805e+00
2817.6502 9.80436859e-01
2824.1457 9.99765825e-01
2830.6558 9.88312016e-01
2837.1813 1.00052108e+00
2843.7215 9.62644405e-01
2850.2770 9.78924894e-01
2856.8476 9.92322779e-01
2863.4333 9.57288218e-01
2870.0342 9.63648024e-01
2876.6504 9.65594730e-01
2883.2818 9.30100374e-01
2889.9284 9.10200019e-01
2896.5902 8.89411407e-01
2903.2677 8.92938671e-01
2909.9603 9.19244814e-01
2916.6684 8.94840317e-01
2923.3922 9.29235983e-01
2930.1313 9.77480350e-01
2936.8859 9.40151367e-01
2943.6561 9.32980032e-01
2950.4420 9.03612223e-01
2957.2434 9.28561721e-01
2964.0604 8.89935799e-01
2970.8934 8.97714300e-01
2977.7420 8.93005700e-01
2984.6064 9.51180606e-01
2991.4868 9.08054867e-01
2998.3827 9.02050428e-01
3005.2947 8.86189451e-01
3012.2226 8.64146957e-01
3019.1665 8.34707537e-01
3026.1264 9.33487997e-01
3033.1024 8.56031351e-01
3040.0945 8.74477434e-01
3047.1027 8.32523680e-01
3054.1268 8.18820968e-01
3061.1674 8.52743368e-01
3068.2240 8.16274319e-01
3075.2970 8.68754306e-01
3082.3864 8.28400402e-01
3089.4921 7.94005079e-01
3096.6141 8.58249569e-01
3103.7525 8.02564144e-01
3110.9074 8.05890989e-01
3118.0787 8.44939933e-01
3125.2665 7.88936825e-01
3132.4711 8.10732341e-01
3139.6922 8.41634746e-01
3146.9299 8.15290504e-01
3154.1845 8.08030062e-01
3161.4555 8.12441792e-01
3168.7434 8.41706347e-01
3176.0481 7.99063978e-01
3183.3696 7.98112283e-01
3190.7081 8.15517869e-01
3198.0634 8.92705561e-01
3205.4359 8.18372121e-01
3212.8251 8.04972577e-01
3220.2313 7.32045240e-01
3227.6549 8.13494802e-01
3235.0952 8.13791718e-01
3242.5528 7.87933393e-01
3250.0277 8.31420312e-01
3257.5199 8.27225108e-01
3265.0293 7.88189526e-01
3272.5560 8.53958988e-01
3280.1000 8.19526024e-01
3287.6614 9.42837038e-01
3295.2400 8.79934936e-01
3302.8365 8.16969280e-01
3310.4502 7.08648124e-01
3318.0817 8.09159384e-01
3325.7309 8.54161215e-01
3333.3973 7.11780820e-01
3341.0815 7.39380298e-01
3348.7835 7.21525712e-01
3356.5032 8.34524283e-01
3364.2408 7.16903944e-01
3371.9960 7.13362083e-01
3379.7696 8.25632854e-01
3387.5607 6.88513646e-01
3395.3697 7.46886864e-01
3403.1970 7.14103160e-01
3411.0420 7.69692888e-01
3418.9052 7.62521720e-01
3426.7866 6.91646304e-01
3434.6862 6.72990875e-01
3442.6041 6.89922624e-01
3450.5401 7.32338009e-01
3458.4944 6.85296392e-01
3466.4671 6.87876787e-01
3474.4579 6.77144327e-01
3482.4676 6.50029650e-01
