# # Wavelength(A) Flux_density(10^{-16} erg/s^{-1}/cm^{-2}/A^{-1})
1444.2321 2.37647041e+00
1445.8958 2.09940117e+00
1447.5614 2.27427179e+00
1449.2289 2.80825577e+00
1450.8985 2.50030251e+00
1452.5697 2.66554844e+00
1454.2431 2.58313972e+00
1455.9183 2.69398434e+00
1457.5955 2.47143185e+00
1459.2745 2.81752132e+00
1460.9556 2.53979504e+00
1462.6386 2.59954514e+00
1464.3233 2.30631710e+00
1466.0102 2.39620281e+00
1467.6990 2.72907124e+00
1469.3898 2.59426956e+00
1471.0823 2.17552689e+00
1472.7770 2.43811108e+00
1474.4736 2.39194977e+00
1476.1720 2.53363121e+00
1477.8727 2.39584648e+00
1479.5752 2.44077587e+00
1481.2795 2.46695454e+00
1482.9859 2.63694225e+00
1484.6942 2.65625820e+00
1486.4044 2.43815235e+00
1488.1167 2.59164276e+00
1489.8310 2.47669720e+00
1491.5473 2.59747177e+00
1493.2653 2.35947678e+00
1494.9855 2.85248482e+00
1496.7077 2.70669685e+00
1498.4318 2.54360142e+00
1500.1579 2.47530872e+00
1501.8862 2.50033890e+00
1503.6162 1.99051651e+00
1505.3484 2.28166397e+00
1507.0825 2.42153263e+00
1508.8185 2.17454571e+00
1510.5566 2.11133015e+00
1512.2967 2.38863930e+00
1514.0389 2.31180378e+00
1515.7829 2.47910870e+00
1517.5290 2.24017075e+00
1519.2772 2.31792393e+00
1521.0272 2.50089012e+00
1522.7794 2.42036007e+00
1524.5336 2.34202419e+00
1526.2898 2.44571484e+00
1528.0479 2.13677826e+00
1529.8084 2.24615448e+00
1531.5705 2.62021786e+00
1533.3349 2.22570518e+00
1535.1012 2.30300812e+00
1536.8696 2.36703518e+00
1538.6399 2.22934513e+00
1540.4124 2.20127178e+00
1542.1869 2.48550701e+00
1543.9633 2.25114376e+00
1545.7419 2.33254181e+00
1547.5226 2.11585110e+00
1549.3053 2.08332989e+00
1551.0899 2.02456165e+00
1552.8768 1.98716053e+00
1554.6656 2.05607304e+00
1556.4564 2.05353634e+00
1558.2496 2.05100899e+00
1560.0447 2.04849091e+00
1561.8417 2.04598175e+00
1563.6409 2.04348179e+00
1565.4422 2.04099087e+00
1567.2453 2.03850876e+00
1569.0508 2.03603558e+00
1570.8583 2.03357117e+00
1572.6679 2.03111553e+00
1574.4794 1.81839149e+00
1576.2932 1.97736744e+00
1578.1090 1.94725784e+00
1579.9268 2.00894169e+00
1581.7469 1.95962551e+00
1583.5690 1.93726467e+00
1585.3933 2.07877422e+00
1587.2196 2.09582695e+00
1589.0480 2.08221020e+00
1590.8784 2.11056126e+00
1592.7111 1.97138386e+00
1594.5459 1.99919220e+00
1596.3828 1.93323536e+00
1598.2216 1.89291164e+00
1600.0627 2.04910488e+00
1601.9059 2.03866333e+00
1603.7511 2.08722782e+00
1605.5986 2.02454727e+00
1607.4483 2.09910088e+00
1609.3000 2.14021080e+00
1611.1537 1.99836426e+00
1613.0097 2.18587093e+00
1614.8679 2.21762657e+00
1616.7282 2.00983421e+00
1618.5906 1.91416962e+00
1620.4552 2.04758816e+00
1622.3218 2.07128174e+00
1624.1907 2.03041357e+00
1626.0617 2.07346939e+00
1627.9347 2.02914608e+00
1629.8101 2.10561008e+00
1631.6876 2.08361965e+00
1633.5672 2.14020370e+00
1635.4489 1.96877636e+00
1637.3329 2.24519394e+00
1639.2191 2.09109848e+00
1641.1073 2.02003242e+00
1642.9978 2.08599369e+00
1644.8907 2.15834030e+00
1646.7854 2.07687828e+00
1648.6824 1.98848469e+00
1650.5817 2.05734638e+00
1652.4830 2.02019806e+00
1654.3866 2.08396183e+00
1656.2924 2.05391857e+00
1658.2004 2.06652794e+00
1660.1105 2.03800507e+00
1662.0229 1.97941181e+00
1663.9375 2.08100636e+00
1665.8541 2.01020855e+00
1667.7732 2.01107742e+00
1669.6944 2.07885456e+00
1671.6179 1.89573063e+00
1673.5434 1.98545265e+00
1675.4714 1.97689091e+00
1677.4014 1.88364994e+00
1679.3337 2.01165115e+00
1681.2683 1.99910427e+00
1683.2051 1.96571514e+00
1685.1439 1.87347267e+00
1687.0852 1.86205666e+00
1689.0286 1.96038147e+00
1690.9742 1.96563438e+00
1692.9222 1.83865475e+00
1694.8724 1.79334541e+00
1696.8248 1.92399418e+00
1698.7794 1.93620968e+00
1700.7363 1.85426613e+00
1702.6955 1.84315811e+00
1704.6568 1.89446499e+00
1706.6208 2.01855045e+00
1708.5868 2.00562939e+00
1710.5548 1.97809940e+00
1712.5254 2.08297485e+00
1714.4982 2.01934711e+00
1716.4730 1.77899120e+00
1718.4504 1.69668125e+00
1720.4300 1.91499599e+00
1722.4119 1.94309898e+00
1724.3959 2.00393215e+00
1726.3824 2.05631523e+00
1728.3711 1.87294659e+00
1730.3620 1.83470497e+00
1732.3553 1.93306599e+00
1734.3512 1.84946472e+00
1736.3489 1.97222294e+00
1738.3492 2.02834698e+00
1740.3517 1.82517162e+00
1742.3564 1.84393234e+00
1744.3635 1.87796120e+00
1746.3730 1.78462273e+00
1748.3848 1.82013786e+00
1750.3987 1.95534309e+00
1752.4152 1.80331993e+00
1754.4339 1.92901989e+00
1756.4548 1.80681774e+00
1758.4782 1.95474266e+00
1760.5039 1.76555441e+00
1762.5320 1.79368332e+00
1764.5622 1.76455994e+00
1766.5951 1.87620209e+00
1768.6300 1.90130081e+00
1770.6675 1.90176281e+00
1772.7072 1.79199512e+00
1774.7494 1.83441238e+00
1776.7937 1.81268925e+00
1778.8405 1.92246822e+00
1780.8897 1.95322231e+00
1782.9410 1.89515614e+00
1784.9950 1.95481461e+00
1787.0512 1.92914753e+00
1789.1099 1.74120953e+00
1791.1707 1.85392384e+00
1793.2341 1.93052830e+00
1795.2999 1.79578495e+00
1797.3678 1.78478729e+00
1799.4386 1.80467644e+00
1801.5115 1.73570332e+00
1803.5866 1.83921989e+00
1805.6643 1.85800186e+00
1807.7444 1.83054726e+00
1809.8267 1.81528877e+00
1811.9116 1.88349216e+00
1813.9989 1.82822712e+00
1816.0886 1.88694675e+00
1818.1805 1.70289486e+00
1820.2750 1.87224117e+00
1822.3719 1.79930046e+00
1824.4710 1.70807766e+00
1826.5728 1.80129524e+00
1828.6770 1.76340950e+00
1830.7836 1.78911324e+00
1832.8926 1.79619158e+00
1835.0041 1.86128578e+00
1837.1177 1.88129753e+00
1839.2341 1.79612801e+00
1841.3528 1.71350006e+00
1843.4740 1.77383989e+00
1845.5975 1.81200317e+00
1847.7236 1.73078632e+00
1849.8521 1.59058327e+00
1851.9829 1.85798733e+00
1854.1164 1.70228388e+00
1856.2523 1.84615627e+00
1858.3907 1.83306446e+00
1860.5313 1.73300308e+00
1862.6746 1.73330149e+00
1864.8203 1.69506138e+00
1866.9686 1.70266361e+00
1869.1193 1.68898067e+00
1871.2725 1.74268661e+00
1873.4280 1.78034702e+00
1875.5861 1.71446724e+00
1877.7468 1.76446842e+00
1879.9097 1.65906330e+00
1882.0753 1.68888510e+00
1884.2434 1.71711491e+00
1886.4140 1.59995634e+00
1888.5869 1.64670067e+00
1890.7626 1.74556862e+00
1892.9407 1.70908993e+00
1895.1211 1.71586620e+00
1897.3043 1.67289671e+00
1899.4901 1.62906378e+00
1901.6781 1.66651896e+00
1903.8688 1.69701729e+00
1906.0620 1.65391687e+00
1908.2575 1.56674103e+00
1910.4558 1.62605808e+00
1912.6566 1.69927517e+00
1914.8600 1.61653175e+00
1917.0657 1.62158854e+00
1919.2741 1.47678547e+00
1921.4851 1.56200289e+00
1923.6984 1.53326246e+00
1925.9144 1.58943987e+00
1928.1330 1.54182386e+00
1930.3542 1.50243038e+00
1932.5777 1.57686014e+00
1934.8042 1.50882708e+00
1937.0329 1.49513113e+00
1939.2643 1.60038828e+00
1941.4983 1.55899958e+00
1943.7349 1.47081718e+00
1945.9738 1.51391853e+00
1948.2155 1.53455498e+00
1950.4599 1.51948004e+00
1952.7065 1.45563652e+00
1954.9560 1.41017225e+00
1957.2081 1.49229126e+00
1959.4628 1.49921257e+00
1961.7198 1.51875908e+00
1963.9797 1.36012569e+00
1966.2421 1.42669609e+00
1968.5070 1.40907263e+00
1970.7749 1.43905615e+00
1973.0452 1.40319611e+00
1975.3179 1.51285286e+00
1977.5934 1.42125998e+00
1979.8716 1.34024361e+00
1982.1521 1.38052729e+00
1984.4355 1.41989044e+00
1986.7216 1.50180172e+00
1989.0102 1.42671196e+00
1991.3013 1.45839346e+00
1993.5953 1.44661945e+00
1995.8919 1.39920280e+00
1998.1909 1.38850819e+00
2000.4927 1.43823904e+00
2002.7975 1.46808653e+00
2005.1045 1.46537045e+00
2007.4143 1.46449692e+00
2009.7268 1.38528654e+00
2012.0418 1.41300646e+00
2014.3596 1.41367338e+00
2016.6801 1.46603271e+00
2019.0033 1.36891157e+00
2021.3289 1.39511263e+00
2023.6575 1.38616991e+00
2025.9887 1.45147161e+00
2028.3223 1.38216127e+00
2030.6589 1.41582619e+00
2032.9982 1.37807613e+00
2035.3402 1.34848980e+00
2037.6846 1.37817225e+00
2040.0322 1.36075197e+00
2042.3821 1.33713736e+00
2044.7349 1.32471504e+00
2047.0904 1.36703592e+00
2049.4486 1.31665909e+00
2051.8093 1.35348818e+00
2054.1730 1.29652779e+00
2056.5393 1.46800369e+00
2058.9082 1.44655499e+00
2061.2800 1.37967030e+00
2063.6546 1.29852074e+00
2066.0319 1.39250235e+00
2068.4117 1.35681911e+00
2070.7944 1.37306026e+00
2073.1800 1.44382177e+00
2075.5680 1.32903118e+00
2077.9592 1.37647720e+00
2080.3530 1.41051548e+00
2082.7493 1.33667253e+00
2085.1486 1.39230377e+00
2087.5507 1.30483114e+00
2089.9553 1.38126158e+00
2092.3628 1.39711510e+00
2094.7732 1.36229635e+00
2097.1863 1.36226652e+00
2099.6020 1.30778269e+00
2102.0207 1.29031704e+00
2104.4422 1.34577488e+00
2106.8663 1.38906170e+00
2109.2933 1.43114590e+00
2111.7232 1.28881021e+00
2114.1559 1.30291529e+00
2116.5914 1.52637144e+00
2119.0296 1.41531046e+00
2121.4705 1.30993830e+00
2123.9144 1.37412653e+00
2126.3611 1.27283697e+00
2128.8106 1.37309353e+00
2131.2627 1.36695574e+00
2133.7179 1.27462955e+00
2136.1759 1.33292976e+00
2138.6365 1.26548731e+00
2141.1002 1.26675892e+00
2143.5667 1.29899561e+00
2146.0360 1.22663795e+00
2148.5080 1.30488585e+00
2150.9830 1.33152824e+00
2153.4609 1.27822943e+00
2155.9417 1.28306807e+00
2158.4253 1.37382305e+00
2160.9118 1.36040190e+00
2163.4009 1.34328882e+00
2165.8931 1.23790020e+00
2168.3881 1.29748867e+00
2170.8858 1.29050165e+00
2173.3866 1.30411196e+00
2175.8904 1.37730745e+00
2178.3969 1.27880875e+00
2180.9062 1.27254816e+00
2183.4185 1.29811737e+00
2185.9338 1.27397148e+00
2188.4517 1.28188046e+00
2190.9728 1.29280449e+00
2193.4970 1.29904089e+00
2196.0236 1.24632593e+00
2198.5534 1.31403297e+00
2201.0861 1.21016554e+00
2203.6214 1.24767027e+00
2206.1600 1.22752655e+00
2208.7014 1.25690310e+00
2211.2458 1.25761347e+00
2213.7929 1.23052929e+00
2216.3431 1.21004507e+00
2218.8963 1.19416122e+00
2221.4522 1.18328674e+00
2224.0113 1.26969509e+00
2226.5733 1.22452826e+00
2229.1383 1.23502108e+00
2231.7060 1.24512861e+00
2234.2771 1.18012810e+00
2236.8507 1.20940424e+00
2239.4275 1.22921440e+00
2242.0073 1.20966209e+00
2244.5900 1.10525661e+00
2247.1755 1.12923927e+00
2249.7642 1.25281200e+00
2252.3559 1.15218691e+00
2254.9503 1.17099024e+00
2257.5480 1.23203295e+00
2260.1486 1.19724432e+00
2262.7523 1.15915653e+00
2265.3587 1.22195368e+00
2267.9683 1.21061546e+00
2270.5810 1.20074465e+00
2273.1964 1.13749468e+00
2275.8154 1.17936369e+00
2278.4371 1.19327734e+00
2281.0615 1.24796843e+00
2283.6893 1.13457872e+00
2286.3200 1.14860872e+00
2288.9536 1.17997219e+00
2291.5904 1.19987827e+00
2294.2303 1.14115536e+00
2296.8732 1.26794331e+00
2299.5189 1.19367041e+00
2302.1679 1.22350321e+00
2304.8200 1.22139141e+00
2307.4748 1.20804840e+00
2310.1330 1.20640137e+00
2312.7945 1.26547455e+00
2315.4585 1.22052435e+00
2318.1259 1.25713518e+00
2320.7963 1.24363018e+00
2323.4696 1.21544889e+00
2326.1462 1.25984715e+00
2328.8259 1.24684233e+00
2331.5086 1.25925684e+00
2334.1942 1.23229761e+00
2336.8832 1.11823915e+00
2339.5752 1.27169222e+00
2342.2701 1.19599720e+00
2344.9684 1.19666044e+00
2347.6697 1.21842487e+00
2350.3742 1.15449343e+00
2353.0815 1.15472090e+00
2355.7925 1.21120958e+00
2358.5061 1.13430973e+00
2361.2230 1.15731287e+00
2363.9431 1.19024082e+00
2366.6663 1.19608238e+00
2369.3924 1.20440750e+00
2372.1219 1.18996439e+00
2374.8546 1.21269594e+00
2377.5901 1.17225819e+00
2380.3290 1.19826422e+00
2383.0711 1.17146711e+00
2385.8164 1.23745256e+00
2388.5645 1.20478277e+00
2391.3161 1.19103155e+00
2394.0709 1.20561747e+00
2396.8285 1.24304611e+00
2399.5899 1.22089064e+00
2402.3542 1.28756105e+00
2405.1214 1.21591774e+00
2407.8920 1.26771902e+00
2410.6659 1.20739784e+00
2413.4427 1.20265631e+00
2416.2229 1.27457312e+00
2419.0064 1.22900316e+00
2421.7930 1.20557302e+00
2424.5826 1.17997623e+00
2427.3757 1.21117142e+00
2430.1720 1.16231188e+00
2432.9712 1.21684572e+00
2435.7740 1.16350298e+00
2438.5799 1.16437820e+00
2441.3891 1.15911783e+00
2444.2016 1.12763565e+00
2447.0172 1.17094376e+00
2449.8359 1.13281757e+00
2452.6581 1.16386648e+00
2455.4835 1.12939634e+00
2458.3121 1.12234995e+00
2461.1438 1.12717567e+00
2463.9790 1.17318666e+00
2466.8175 1.18548607e+00
2469.6589 1.15759642e+00
2472.5039 1.11577770e+00
2475.3522 1.09018650e+00
2478.2038 1.14901461e+00
2481.0583 1.07155214e+00
2483.9165 1.13305017e+00
2486.7779 1.10520721e+00
2489.6426 1.04623116e+00
2492.5106 1.13223972e+00
2495.3820 1.08631170e+00
2498.2563 1.05699051e+00
2501.1343 1.08837166e+00
2504.0155 1.10526672e+00
2506.8998 1.11482370e+00
2509.7877 1.07933943e+00
2512.6790 1.08167610e+00
2515.5735 1.04695723e+00
2518.4712 1.04653090e+00
2521.3724 1.07845970e+00
2524.2770 1.11662098e+00
2527.1846 1.07265551e+00
2530.0959 1.04906132e+00
2533.0108 1.08442486e+00
2535.9285 1.06402317e+00
2538.8498 1.05076088e+00
2541.7745 1.12616728e+00
2544.7023 1.09759081e+00
2547.6338 1.01146143e+00
2550.5686 1.12235359e+00
2553.5068 1.11194176e+00
2556.4481 1.11331192e+00
2559.3931 1.10076698e+00
2562.3415 1.06417727e+00
2565.2930 1.06639675e+00
2568.2482 1.10889780e+00
2571.2067 1.08810612e+00
2574.1687 1.06904514e+00
2577.1338 1.04401855e+00
2580.1029 1.03419617e+00
2583.0749 9.98489017e-01
2586.0505 1.00594934e+00
2589.0296 1.04311918e+00
2592.0121 1.05315067e+00
2594.9978 1.02832159e+00
2597.9872 1.03722666e+00
2600.9800 1.05487234e+00
2603.9760 1.01507620e+00
2606.9757 1.00204258e+00
2609.9789 1.01978466e+00
2612.9856 1.05194969e+00
2615.9954 1.10721766e+00
2619.0090 1.01975327e+00
2622.0260 1.00559187e+00
2625.0463 1.02221577e+00
2628.0706 1.05455006e+00
2631.0981 1.05027050e+00
2634.1288 1.11408360e+00
2637.1632 1.03926800e+00
2640.2012 1.03420950e+00
2643.2424 1.06449448e+00
2646.2873 1.04392075e+00
2649.3358 1.01498619e+00
2652.3878 9.79030380e-01
2655.4430 1.00458099e+00
2658.5020 1.00861132e+00
2661.5646 9.76356812e-01
2664.6303 9.82308025e-01
2667.7000 1.00758678e+00
2670.7734 1.03124331e+00
2673.8498 9.90411873e-01
2676.9300 9.80809574e-01
2680.0138 9.44353981e-01
2683.1008 1.00115545e+00
2686.1917 1.00048870e+00
2689.2861 1.02720482e+00
2692.3842 9.96719303e-01
2695.4854 9.82325783e-01
2698.5906 9.67009430e-01
2701.6993 9.92552853e-01
2704.8113 9.72409229e-01
2707.9272 9.24787064e-01
2711.0467 9.47042770e-01
2714.1698 9.99354038e-01
2717.2962 9.44303665e-01
2720.4267 9.76664600e-01
2723.5603 9.04263573e-01
2726.6978 9.63175373e-01
2729.8389 9.63447380e-01
2732.9836 9.85453529e-01
2736.1317 9.35581207e-01
2739.2837 9.45867310e-01
2742.4393 9.45657272e-01
2745.5982 9.60656013e-01
2748.7611 1.04943258e+00
2751.9276 9.09125919e-01
2755.0978 9.91640949e-01
2758.2713 9.58918667e-01
2761.4488 1.01444334e+00
2764.6299 9.46665649e-01
2767.8144 9.15638924e-01
2771.0032 9.91264915e-01
2774.1953 9.84503670e-01
2777.3909 9.30170593e-01
2780.5904 9.54398003e-01
2783.7935 1.00398088e+00
2787.0001 1.08369152e+00
2790.2107 1.03940487e+00
2793.4250 1.03100523e+00
2796.6429 1.15126932e+00
2799.8643 1.15738279e+00
2803.0897 1.15574858e+00
2806.3188 1.08160959e+00
2809.5513 1.09730223e+00
2812.7879 1.06455387e+00
2816.0282 9.78140850e-01
2819.2722 9.82732868e-01
2822.5199 9.93993855e-01
2825.7714 1.00553780e+00
2829.0264 9.73258533e-01
2832.2853 1.00336550e+00
2835.5481 1.01483990e+00
2838.8146 9.86202259e-01
2842.0845 9.67281590e-01
2845.3586 9.58007221e-01
2848.6364 9.67941055e-01
2851.9176 9.89908733e-01
2855.2030 9.92823429e-01
2858.4921 9.91822128e-01
2861.7851 9.98561916e-01
2865.0815 9.16014519e-01
2868.3820 9.66013813e-01
2871.6863 9.61282234e-01
2874.9944 9.84211540e-01
2878.3064 9.46977921e-01
2881.6221 9.29314613e-01
2884.9414 9.30886135e-01
2888.2648 9.26501083e-01
2891.5920 8.93898954e-01
2894.9228 8.97039986e-01
2898.2577 8.81782827e-01
2901.5964 8.88325787e-01
2904.9390 8.97551556e-01
2908.2851 9.48655586e-01
2911.6354 8.89834042e-01
2914.9896 9.00388699e-01
2918.3473 8.89291935e-01
2921.7091 9.11195507e-01
2925.0752 9.47276459e-01
2928.4445 9.88072548e-01
2931.8180 9.66888151e-01
2935.1954 9.56823483e-01
2938.5764 9.23479252e-01
2941.9616 9.44409981e-01
2945.3507 9.21550083e-01
2948.7437 8.94918575e-01
2952.1403 9.12305870e-01
2955.5411 9.07556334e-01
2958.9458 9.49567108e-01
2962.3541 8.57958927e-01
2965.7667 9.21912670e-01
2969.1832 9.07368422e-01
2972.6037 8.88060179e-01
2976.0277 8.66083727e-01
2979.4564 9.19927673e-01
2982.8883 9.24479380e-01
2986.3246 9.77881832e-01
2989.7648 9.61557903e-01
2993.2089 8.54551830e-01
2996.6567 9.08611126e-01
3000.1088 8.95489731e-01
3003.5649 9.54744473e-01
3007.0246 8.17634430e-01
3010.4886 8.18406143e-01
3013.9567 9.09887772e-01
3017.4287 8.32952070e-01
3020.9044 8.36463003e-01
3024.3844 9.27670822e-01
3027.8684 9.39305172e-01
3031.3562 8.33249531e-01
3034.8486 8.78813171e-01
3038.3446 8.47035542e-01
3041.8444 9.01919327e-01
3045.3486 7.79520741e-01
3048.8568 8.85526619e-01
3052.3687 8.16254816e-01
3055.8849 8.21387119e-01
3059.4053 8.64729156e-01
3062.9296 8.40757580e-01
3066.4577 8.22220411e-01
3069.9902 8.10328226e-01
3073.5268 8.92038918e-01
3077.0671 8.45469694e-01
3080.6118 8.12912350e-01
3084.1610 8.43888454e-01
3087.7136 8.20259657e-01
3091.2705 7.67750502e-01
3094.8316 8.46722260e-01
3098.3965 8.69776878e-01
3101.9658 7.88460588e-01
3105.5392 8.16667700e-01
3109.1167 7.73610172e-01
3112.6980 8.38171806e-01
3116.2838 8.73283072e-01
3119.8737 8.16596794e-01
3123.4674 7.88062963e-01
3127.0656 7.89810686e-01
3130.6679 8.03999567e-01
3134.2744 8.17465115e-01
3137.8846 8.23636732e-01
3141.4998 8.59632759e-01
3145.1184 8.54443331e-01
3148.7415 7.76137676e-01
3152.3688 8.53955002e-01
3156.0003 7.62105122e-01
3159.6356 7.81085224e-01
3163.2754 8.43798361e-01
3166.9195 8.29898691e-01
3170.5673 8.53514004e-01
3174.2198 7.75198421e-01
3177.8764 8.22929535e-01
3181.5373 8.44933243e-01
3185.2020 7.51291323e-01
3188.8713 8.33818035e-01
3192.5448 7.97217703e-01
3196.2222 8.54315567e-01
3199.9046 9.31095555e-01
3203.5908 7.72599030e-01
3207.2809 8.64145212e-01
3210.9756 7.74380760e-01
3214.6746 8.35564394e-01
3218.3775 7.81276016e-01
3222.0850 6.82814465e-01
3225.7968 8.41252060e-01
3229.5129 7.85737543e-01
3233.2329 7.92181759e-01
3236.9575 8.35401678e-01
3240.6864 8.13834686e-01
3244.4193 7.62032099e-01
3248.1568 8.47213898e-01
3251.8986 8.15626726e-01
3255.6447 8.18180847e-01
3259.3952 8.36269369e-01
3263.1499 8.23050261e-01
3266.9087 7.53328791e-01
3270.6721 7.84302759e-01
3274.4398 9.23615217e-01
3278.2119 8.95984859e-01
3281.9880 7.43067188e-01
3285.7688 9.08475342e-01
3289.5540 9.77198734e-01
3293.3431 9.83867559e-01
3297.1370 7.76002312e-01
3300.9352 8.41158934e-01
3304.7378 7.92779627e-01
3308.5445 7.37062235e-01
3312.3558 6.80234013e-01
3316.1716 8.13105850e-01
3319.9918 8.05212917e-01
3323.8164 8.75209990e-01
3327.6453 8.33112440e-01
3331.4784 7.30616751e-01
3335.3162 6.92944889e-01
3339.1584 7.08309517e-01
3343.0047 7.70451078e-01
3346.8558 6.53938046e-01
3350.7113 7.89113379e-01
3354.5712 8.62037373e-01
3358.4353 8.07011194e-01
3362.3041 6.66302748e-01
3366.1774 7.67505140e-01
3370.0548 7.75278301e-01
3373.9371 6.51445866e-01
3377.8242 8.15441513e-01
3381.7150 8.35824194e-01
3385.6107 6.95244169e-01
3389.5108 6.81783123e-01
3393.4151 6.99364872e-01
3397.3243 7.94408855e-01
3401.2379 7.43330126e-01
3405.1561 6.84876194e-01
3409.0784 7.66639194e-01
3413.0056 7.72746582e-01
3416.9373 8.33578730e-01
3420.8732 6.91464710e-01
3424.8140 7.32928076e-01
3428.7593 6.50364532e-01
3432.7092 6.90684576e-01
3436.6632 6.55297174e-01
3440.6225 7.24864063e-01
3444.5857 6.54981184e-01
3448.5538 7.48363609e-01
3452.5265 7.16312408e-01
3456.5037 7.72643948e-01
3460.4852 5.97948837e-01
3464.4716 6.66513424e-01
3468.4626 7.09240150e-01
3472.4578 6.58163204e-01
3476.4580 6.96125450e-01
3480.4628 6.36053896e-01
3484.4723 6.64005404e-01
3488.4859 7.05284195e-01
