# normalisB: 0.92
# normalisLambda: 2750
# alpha: 1.4664147812716062
# bestAmplitude: 0.2809441626036271
# bestSigma: 17.993789907409976
# bestx0: 2803.955108541138
# maxAmplitude: 0.2999995867151348
# maxSigma: 17.11913682557697
# bestx0: 2803.955108541138
# minAmplitude: 0.2093460304150428
# minSigma: 17.99996278721576
# bestx0: 2803.955108541138
# Wavelength(A) Flux_density(10^{-16} erg/s^{-1}/cm^{-2}/A^{-1})
1444.8970000 2.363984e+00
1445.2302000 2.363185e+00
1445.5627000 2.362388e+00
1445.8960000 2.361590e+00
1446.2287000 2.360793e+00
1446.5614000 2.359997e+00
1446.8949000 2.359199e+00
1447.2278000 2.358403e+00
1447.5615000 2.357606e+00
1447.8945000 2.356811e+00
1448.2284000 2.356014e+00
1448.5616000 2.355220e+00
1448.8948000 2.354426e+00
1449.2289000 2.353630e+00
1449.5623000 2.352836e+00
1449.8966000 2.352040e+00
1450.2301000 2.351247e+00
1450.5646000 2.350452e+00
1450.8983000 2.349660e+00
1451.2328000 2.348865e+00
1451.5667000 2.348073e+00
1451.9006000 2.347281e+00
1452.2354000 2.346488e+00
1452.5695000 2.345696e+00
1452.9045000 2.344903e+00
1453.2387000 2.344113e+00
1453.5738000 2.343320e+00
1453.9082000 2.342530e+00
1454.2427000 2.341740e+00
1454.5780000 2.340948e+00
1454.9127000 2.340159e+00
1455.2482000 2.339368e+00
1455.5829000 2.338579e+00
1455.9186000 2.337788e+00
1456.2535000 2.337000e+00
1456.5885000 2.336212e+00
1456.9244000 2.335422e+00
1457.2596000 2.334634e+00
1457.5956000 2.333845e+00
1457.9309000 2.333058e+00
1458.2671000 2.332269e+00
1458.6026000 2.331483e+00
1458.9382000 2.330696e+00
1459.2746000 2.329908e+00
1459.6103000 2.329123e+00
1459.9469000 2.328335e+00
1460.2827000 2.327550e+00
1460.6195000 2.326763e+00
1460.9555000 2.325978e+00
1461.2916000 2.325194e+00
1461.6285000 2.324408e+00
1461.9648000 2.323624e+00
1462.3019000 2.322839e+00
1462.6383000 2.322055e+00
1462.9756000 2.321270e+00
1463.3121000 2.320487e+00
1463.6488000 2.319705e+00
1463.9863000 2.318921e+00
1464.3231000 2.318138e+00
1464.6608000 2.317355e+00
1464.9977000 2.316573e+00
1465.3355000 2.315790e+00
1465.6726000 2.315009e+00
1466.0098000 2.314228e+00
1466.3479000 2.313446e+00
1466.6852000 2.312666e+00
1467.0234000 2.311884e+00
1467.3609000 2.311104e+00
1467.6993000 2.310323e+00
1468.0369000 2.309544e+00
1468.3746000 2.308765e+00
1468.7132000 2.307985e+00
1469.0511000 2.307206e+00
1469.3899000 2.306426e+00
1469.7279000 2.305648e+00
1470.0668000 2.304869e+00
1470.4050000 2.304092e+00
1470.7433000 2.303314e+00
1471.0824000 2.302536e+00
1471.4208000 2.301759e+00
1471.7601000 2.300981e+00
1472.0987000 2.300205e+00
1472.4382000 2.299428e+00
1472.7769000 2.298652e+00
1473.1157000 2.297877e+00
1473.4554000 2.297100e+00
1473.7944000 2.296325e+00
1474.1342000 2.295549e+00
1474.4734000 2.294775e+00
1474.8134000 2.293999e+00
1475.1526000 2.293226e+00
1475.4920000 2.292452e+00
1475.8322000 2.291677e+00
1476.1718000 2.290904e+00
1476.5122000 2.290130e+00
1476.8518000 2.289358e+00
1477.1924000 2.288584e+00
1477.5322000 2.287812e+00
1477.8729000 2.287038e+00
1478.2129000 2.286267e+00
1478.5530000 2.285496e+00
1478.8939000 2.284723e+00
1479.2341000 2.283953e+00
1479.5753000 2.283181e+00
1479.9156000 2.282411e+00
1480.2569000 2.281639e+00
1480.5974000 2.280870e+00
1480.9380000 2.280100e+00
1481.2795000 2.279330e+00
1481.6203000 2.278561e+00
1481.9620000 2.277791e+00
1482.3029000 2.277022e+00
1482.6447000 2.276253e+00
1482.9858000 2.275485e+00
1483.3269000 2.274718e+00
1483.6690000 2.273949e+00
1484.0103000 2.273182e+00
1484.3525000 2.272413e+00
1484.6940000 2.271647e+00
1485.0364000 2.270879e+00
1485.3780000 2.270113e+00
1485.7197000 2.269347e+00
1486.0623000 2.268580e+00
1486.4042000 2.267815e+00
1486.7469000 2.267049e+00
1487.0890000 2.266284e+00
1487.4319000 2.265518e+00
1487.7741000 2.264754e+00
1488.1163000 2.263990e+00
1488.4595000 2.263225e+00
1488.8019000 2.262461e+00
1489.1452000 2.261697e+00
1489.4878000 2.260934e+00
1489.8313000 2.260169e+00
1490.1740000 2.259407e+00
1490.5168000 2.258645e+00
1490.8605000 2.257882e+00
1491.2035000 2.257120e+00
1491.5473000 2.256357e+00
1491.8905000 2.255596e+00
1492.2345000 2.254834e+00
1492.5778000 2.254073e+00
1492.9212000 2.253313e+00
1493.2654000 2.252551e+00
1493.6089000 2.251792e+00
1493.9534000 2.251030e+00
1494.2970000 2.250271e+00
1494.6416000 2.249511e+00
1494.9855000 2.248752e+00
1495.3294000 2.247994e+00
1495.6742000 2.247234e+00
1496.0183000 2.246476e+00
1496.3633000 2.245716e+00
1496.7075000 2.244959e+00
1497.0526000 2.244200e+00
1497.3970000 2.243443e+00
1497.7415000 2.242687e+00
1498.0869000 2.241928e+00
1498.4315000 2.241172e+00
1498.7771000 2.240415e+00
1499.1218000 2.239659e+00
1499.4675000 2.238902e+00
1499.8125000 2.238147e+00
1500.1575000 2.237392e+00
1500.5035000 2.236636e+00
1500.8486000 2.235881e+00
1501.1947000 2.235126e+00
1501.5401000 2.234372e+00
1501.8863000 2.233616e+00
1502.2318000 2.232863e+00
1502.5783000 2.232108e+00
1502.9239000 2.231355e+00
1503.2697000 2.230603e+00
1503.6163000 2.229849e+00
1503.9622000 2.229097e+00
1504.3090000 2.228343e+00
1504.6551000 2.227592e+00
1505.0021000 2.226839e+00
1505.3483000 2.226088e+00
1505.6946000 2.225337e+00
1506.0418000 2.224585e+00
1506.3883000 2.223834e+00
1506.7356000 2.223083e+00
1507.0823000 2.222333e+00
1507.4298000 2.221582e+00
1507.7766000 2.220832e+00
1508.1234000 2.220083e+00
1508.4712000 2.219333e+00
1508.8182000 2.218584e+00
1509.1662000 2.217834e+00
1509.5133000 2.217087e+00
1509.8614000 2.216337e+00
1510.2088000 2.215589e+00
1510.5562000 2.214842e+00
1510.9045000 2.214094e+00
1511.2521000 2.213347e+00
1511.6006000 2.212599e+00
1511.9483000 2.211852e+00
1512.2970000 2.211105e+00
1512.6449000 2.210359e+00
1512.9929000 2.209613e+00
1513.3418000 2.208866e+00
1513.6899000 2.208122e+00
1514.0390000 2.207375e+00
1514.3873000 2.206631e+00
1514.7365000 2.205885e+00
1515.0849000 2.205141e+00
1515.4335000 2.204397e+00
1515.7829000 2.203652e+00
1516.1316000 2.202909e+00
1516.4813000 2.202164e+00
1516.8301000 2.201421e+00
1517.1799000 2.200677e+00
1517.5289000 2.199935e+00
1517.8780000 2.199193e+00
1518.2280000 2.198450e+00
1518.5773000 2.197708e+00
1518.9275000 2.196965e+00
1519.2769000 2.196224e+00
1519.6273000 2.195482e+00
1519.9769000 2.194741e+00
1520.3265000 2.194001e+00
1520.6771000 2.193260e+00
1521.0269000 2.192520e+00
1521.3777000 2.191779e+00
1521.7277000 2.191039e+00
1522.0786000 2.190299e+00
1522.4287000 2.189560e+00
1522.7790000 2.188822e+00
1523.1301000 2.188082e+00
1523.4805000 2.187344e+00
1523.8318000 2.186604e+00
1524.1824000 2.185867e+00
1524.5338000 2.185128e+00
1524.8846000 2.184391e+00
1525.2354000 2.183654e+00
1525.5871000 2.182916e+00
1525.9380000 2.182180e+00
1526.2899000 2.181442e+00
1526.6410000 2.180707e+00
1526.9931000 2.179969e+00
1527.3444000 2.179234e+00
1527.6957000 2.178499e+00
1528.0480000 2.177763e+00
1528.3995000 2.177028e+00
1528.7520000 2.176292e+00
1529.1037000 2.175558e+00
1529.4563000 2.174823e+00
1529.8081000 2.174090e+00
1530.1609000 2.173354e+00
1530.5129000 2.172622e+00
1530.8650000 2.171889e+00
1531.2180000 2.171155e+00
1531.5703000 2.170422e+00
1531.9234000 2.169689e+00
1532.2759000 2.168957e+00
1532.6292000 2.168224e+00
1532.9818000 2.167492e+00
1533.3344000 2.166762e+00
1533.6880000 2.166029e+00
1534.0408000 2.165299e+00
1534.3946000 2.164566e+00
1534.7476000 2.163836e+00
1535.1015000 2.163105e+00
1535.4546000 2.162376e+00
1535.8079000 2.161646e+00
1536.1620000 2.160916e+00
1536.5154000 2.160187e+00
1536.8697000 2.159456e+00
1537.2233000 2.158728e+00
1537.5778000 2.157998e+00
1537.9315000 2.157271e+00
1538.2853000 2.156543e+00
1538.6400000 2.155814e+00
1538.9940000 2.155087e+00
1539.3489000 2.154358e+00
1539.7030000 2.153632e+00
1540.0580000 2.152904e+00
1540.4123000 2.152178e+00
1540.7667000 2.151452e+00
1541.1220000 2.150725e+00
1541.4765000 2.149999e+00
1541.8320000 2.149272e+00
1542.1867000 2.148548e+00
1542.5423000 2.147821e+00
1542.8972000 2.147097e+00
1543.2521000 2.146373e+00
1543.6080000 2.145647e+00
1543.9631000 2.144924e+00
1544.3191000 2.144199e+00
1544.6744000 2.143475e+00
1545.0306000 2.142751e+00
1545.3860000 2.142028e+00
1545.7415000 2.141306e+00
1546.0980000 2.140582e+00
1546.4536000 2.139860e+00
1546.8103000 2.139136e+00
1547.1661000 2.138415e+00
1547.5229000 2.137692e+00
1547.8789000 2.136971e+00
1548.2350000 2.136250e+00
1548.5920000 2.135528e+00
1548.9482000 2.134808e+00
1549.3054000 2.134087e+00
1549.6618000 2.133367e+00
1550.0192000 2.132646e+00
1550.3758000 2.131926e+00
1550.7324000 2.131207e+00
1551.0900000 2.130487e+00
1551.4468000 2.129768e+00
1551.8046000 2.129048e+00
1552.1616000 2.128330e+00
1552.5195000 2.127611e+00
1552.8767000 2.126893e+00
1553.2339000 2.126176e+00
1553.5921000 2.125457e+00
1553.9495000 2.124740e+00
1554.3078000 2.124022e+00
1554.6654000 2.123306e+00
1555.0239000 2.122588e+00
1555.3816000 2.121872e+00
1555.7394000 2.121157e+00
1556.0982000 2.120440e+00
1556.4562000 2.119724e+00
1556.8151000 2.119008e+00
1557.1732000 2.118293e+00
1557.5323000 2.117577e+00
1557.8906000 2.116863e+00
1558.2499000 2.116147e+00
1558.6083000 2.115434e+00
1558.9669000 2.114720e+00
1559.3264000 2.114005e+00
1559.6851000 2.113292e+00
1560.0448000 2.112578e+00
1560.4037000 2.111865e+00
1560.7635000 2.111152e+00
1561.1225000 2.110440e+00
1561.4817000 2.109728e+00
1561.8417000 2.109015e+00
1562.2010000 2.108303e+00
1562.5613000 2.107591e+00
1562.9207000 2.106880e+00
1563.2812000 2.106167e+00
1563.6408000 2.105457e+00
1564.0005000 2.104747e+00
1564.3612000 2.104036e+00
1564.7210000 2.103326e+00
1565.0819000 2.102615e+00
1565.4419000 2.101906e+00
1565.8029000 2.101195e+00
1566.1631000 2.100487e+00
1566.5234000 2.099778e+00
1566.8846000 2.099069e+00
1567.2451000 2.098361e+00
1567.6065000 2.097651e+00
1567.9671000 2.096944e+00
1568.3287000 2.096235e+00
1568.6895000 2.095528e+00
1569.0504000 2.094821e+00
1569.4122000 2.094113e+00
1569.7732000 2.093407e+00
1570.1352000 2.092699e+00
1570.4964000 2.091993e+00
1570.8586000 2.091286e+00
1571.2199000 2.090581e+00
1571.5814000 2.089876e+00
1571.9438000 2.089169e+00
1572.3054000 2.088465e+00
1572.6680000 2.087759e+00
1573.0298000 2.087055e+00
1573.3925000 2.086349e+00
1573.7545000 2.085645e+00
1574.1165000 2.084942e+00
1574.4795000 2.084237e+00
1574.8417000 2.083534e+00
1575.2049000 2.082830e+00
1575.5672000 2.082128e+00
1575.9306000 2.081424e+00
1576.2931000 2.080722e+00
1576.6557000 2.080020e+00
1577.0193000 2.079317e+00
1577.3821000 2.078616e+00
1577.7458000 2.077913e+00
1578.1088000 2.077212e+00
1578.4727000 2.076510e+00
1578.8358000 2.075810e+00
1579.1990000 2.075110e+00
1579.5632000 2.074408e+00
1579.9266000 2.073708e+00
1580.2909000 2.073007e+00
1580.6544000 2.072308e+00
1581.0189000 2.071608e+00
1581.3826000 2.070909e+00
1581.7464000 2.070211e+00
1582.1112000 2.069511e+00
1582.4751000 2.068813e+00
1582.8401000 2.068113e+00
1583.2042000 2.067416e+00
1583.5693000 2.066717e+00
1583.9336000 2.066020e+00
1584.2980000 2.065323e+00
1584.6633000 2.064625e+00
1585.0278000 2.063929e+00
1585.3933000 2.063231e+00
1585.7581000 2.062535e+00
1586.1237000 2.061838e+00
1586.4886000 2.061143e+00
1586.8545000 2.060446e+00
1587.2195000 2.059751e+00
1587.5847000 2.059056e+00
1587.9507000 2.058360e+00
1588.3161000 2.057666e+00
1588.6823000 2.056971e+00
1589.0478000 2.056277e+00
1589.4142000 2.055582e+00
1589.7799000 2.054888e+00
1590.1456000 2.054195e+00
1590.5123000 2.053501e+00
1590.8782000 2.052808e+00
1591.2450000 2.052114e+00
1591.6111000 2.051422e+00
1591.9781000 2.050729e+00
1592.3443000 2.050037e+00
1592.7107000 2.049346e+00
1593.0779000 2.048653e+00
1593.4444000 2.047962e+00
1593.8119000 2.047270e+00
1594.1785000 2.046579e+00
1594.5461000 2.045888e+00
1594.9130000 2.045197e+00
1595.2799000 2.044508e+00
1595.6477000 2.043817e+00
1596.0148000 2.043127e+00
1596.3828000 2.042437e+00
1596.7501000 2.041748e+00
1597.1183000 2.041058e+00
1597.4857000 2.040369e+00
1597.8532000 2.039681e+00
1598.2217000 2.038992e+00
1598.5893000 2.038304e+00
1598.9580000 2.037615e+00
1599.3258000 2.036928e+00
1599.6946000 2.036239e+00
1600.0626000 2.035552e+00
1600.4307000 2.034866e+00
1600.7998000 2.034178e+00
1601.1680000 2.033492e+00
1601.5373000 2.032805e+00
1601.9057000 2.032119e+00
1602.2751000 2.031432e+00
1602.6437000 2.030747e+00
1603.0124000 2.030062e+00
1603.3820000 2.029376e+00
1603.7509000 2.028691e+00
1604.1207000 2.028006e+00
1604.4897000 2.027322e+00
1604.8597000 2.026636e+00
1605.2289000 2.025953e+00
1605.5982000 2.025270e+00
1605.9684000 2.024585e+00
1606.3379000 2.023902e+00
1606.7083000 2.023218e+00
1607.0779000 2.022536e+00
1607.4485000 2.021852e+00
1607.8183000 2.021170e+00
1608.1882000 2.020488e+00
1608.5590000 2.019805e+00
1608.9291000 2.019124e+00
1609.3001000 2.018442e+00
1609.6703000 2.017761e+00
1610.0415000 2.017079e+00
1610.4119000 2.016398e+00
1610.7824000 2.015718e+00
1611.1538000 2.015037e+00
1611.5244000 2.014358e+00
1611.8961000 2.013676e+00
1612.2669000 2.012997e+00
1612.6387000 2.012317e+00
1613.0096000 2.011638e+00
1613.3807000 2.010960e+00
1613.7528000 2.010280e+00
1614.1240000 2.009602e+00
1614.4962000 2.008923e+00
1614.8676000 2.008245e+00
1615.2400000 2.007566e+00
1615.6116000 2.006889e+00
1615.9842000 2.006211e+00
1616.3559000 2.005534e+00
1616.7277000 2.004858e+00
1617.1006000 2.004180e+00
1617.4726000 2.003504e+00
1617.8456000 2.002827e+00
1618.2177000 2.002151e+00
1618.5909000 2.001474e+00
1618.9633000 2.000799e+00
1619.3357000 2.000125e+00
1619.7091000 1.999449e+00
1620.0817000 1.998774e+00
1620.4553000 1.998099e+00
1620.8281000 1.997425e+00
1621.2019000 1.996749e+00
1621.5748000 1.996076e+00
1621.9478000 1.995403e+00
1622.3219000 1.994728e+00
1622.6951000 1.994056e+00
1623.0693000 1.993381e+00
1623.4427000 1.992709e+00
1623.8170000 1.992036e+00
1624.1906000 1.991364e+00
1624.5642000 1.990692e+00
1624.9388000 1.990019e+00
1625.3127000 1.989348e+00
1625.6874000 1.988676e+00
1626.0614000 1.988005e+00
1626.4364000 1.987333e+00
1626.8106000 1.986662e+00
1627.1848000 1.985993e+00
1627.5600000 1.985321e+00
1627.9344000 1.984652e+00
1628.3098000 1.983981e+00
1628.6844000 1.983312e+00
1629.0600000 1.982641e+00
1629.4348000 1.981972e+00
1629.8096000 1.981304e+00
1630.1854000 1.980634e+00
1630.5605000 1.979966e+00
1630.9365000 1.979297e+00
1631.3117000 1.978629e+00
1631.6878000 1.977961e+00
1632.0632000 1.977294e+00
1632.4387000 1.976627e+00
1632.8151000 1.975958e+00
1633.1907000 1.975292e+00
1633.5673000 1.974624e+00
1633.9431000 1.973958e+00
1634.3199000 1.973291e+00
1634.6959000 1.972626e+00
1635.0720000 1.971960e+00
1635.4490000 1.971294e+00
1635.8252000 1.970629e+00
1636.2025000 1.969963e+00
1636.5789000 1.969298e+00
1636.9563000 1.968632e+00
1637.3328000 1.967969e+00
1637.7095000 1.967305e+00
1638.0871000 1.966640e+00
1638.4640000 1.965977e+00
1638.8418000 1.965312e+00
1639.2188000 1.964649e+00
1639.5968000 1.963985e+00
1639.9740000 1.963323e+00
1640.3513000 1.962661e+00
1640.7296000 1.961997e+00
1641.1070000 1.961335e+00
1641.4854000 1.960672e+00
1641.8631000 1.960011e+00
1642.2417000 1.959348e+00
1642.6195000 1.958688e+00
1642.9973000 1.958027e+00
1643.3762000 1.957365e+00
1643.7543000 1.956705e+00
1644.1333000 1.956044e+00
1644.5115000 1.955384e+00
1644.8908000 1.954723e+00
1645.2692000 1.954064e+00
1645.6486000 1.953403e+00
1646.0271000 1.952744e+00
1646.4058000 1.952086e+00
1646.7855000 1.951426e+00
1647.1643000 1.950768e+00
1647.5441000 1.950108e+00
1647.9232000 1.949450e+00
1648.3032000 1.948791e+00
1648.6824000 1.948134e+00
1649.0616000 1.947477e+00
1649.4419000 1.946819e+00
1649.8214000 1.946162e+00
1650.2018000 1.945504e+00
1650.5814000 1.944848e+00
1650.9621000 1.944191e+00
1651.3419000 1.943535e+00
1651.7217000 1.942880e+00
1652.1026000 1.942223e+00
1652.4827000 1.941568e+00
1652.8637000 1.940912e+00
1653.2440000 1.940257e+00
1653.6252000 1.939601e+00
1654.0056000 1.938947e+00
1654.3861000 1.938293e+00
1654.7676000 1.937638e+00
1655.1483000 1.936984e+00
1655.5300000 1.936329e+00
1655.9108000 1.935677e+00
1656.2927000 1.935022e+00
1656.6737000 1.934370e+00
1657.0548000 1.933717e+00
1657.4369000 1.933063e+00
1657.8182000 1.932412e+00
1658.2005000 1.931758e+00
1658.5820000 1.931107e+00
1658.9645000 1.930454e+00
1659.3461000 1.929803e+00
1659.7278000 1.929152e+00
1660.1106000 1.928500e+00
1660.4925000 1.927849e+00
1660.8754000 1.927198e+00
1661.2575000 1.926548e+00
1661.6405000 1.925897e+00
1662.0228000 1.925247e+00
1662.4051000 1.924598e+00
1662.7885000 1.923947e+00
1663.1710000 1.923298e+00
1663.5545000 1.922648e+00
1663.9372000 1.922000e+00
1664.3209000 1.921350e+00
1664.7038000 1.920702e+00
1665.0868000 1.920054e+00
1665.4707000 1.919405e+00
1665.8539000 1.918758e+00
1666.2380000 1.918109e+00
1666.6213000 1.917462e+00
1667.0057000 1.916814e+00
1667.3891000 1.916168e+00
1667.7727000 1.915521e+00
1668.1573000 1.914874e+00
1668.5411000 1.914228e+00
1668.9258000 1.913581e+00
1669.3098000 1.912935e+00
1669.6947000 1.912289e+00
1670.0788000 1.911644e+00
1670.4630000 1.910999e+00
1670.8482000 1.910353e+00
1671.2326000 1.909709e+00
1671.6180000 1.909063e+00
1672.0025000 1.908420e+00
1672.3881000 1.907774e+00
1672.7728000 1.907131e+00
1673.1576000 1.906488e+00
1673.5435000 1.905843e+00
1673.9285000 1.905200e+00
1674.3145000 1.904556e+00
1674.6996000 1.903914e+00
1675.0858000 1.903271e+00
1675.4712000 1.902629e+00
1675.8575000 1.901986e+00
1676.2431000 1.901344e+00
1676.6287000 1.900703e+00
1677.0153000 1.900060e+00
1677.4011000 1.899419e+00
1677.7879000 1.898777e+00
1678.1739000 1.898137e+00
1678.5609000 1.897495e+00
1678.9470000 1.896855e+00
1679.3333000 1.896216e+00
1679.7205000 1.895575e+00
1680.1069000 1.894935e+00
1680.4944000 1.894295e+00
1680.8809000 1.893656e+00
1681.2686000 1.893016e+00
1681.6553000 1.892377e+00
1682.0422000 1.891739e+00
1682.4301000 1.891100e+00
1682.8171000 1.890462e+00
1683.2052000 1.889823e+00
1683.5924000 1.889185e+00
1683.9806000 1.888547e+00
1684.3680000 1.887910e+00
1684.7555000 1.887273e+00
1685.1440000 1.886635e+00
1685.5317000 1.885999e+00
1685.9203000 1.885361e+00
1686.3082000 1.884725e+00
1686.6970000 1.884088e+00
1687.0851000 1.883453e+00
1687.4732000 1.882818e+00
1687.8623000 1.882181e+00
1688.2506000 1.881546e+00
1688.6399000 1.880910e+00
1689.0284000 1.880276e+00
1689.4179000 1.879640e+00
1689.8065000 1.879006e+00
1690.1952000 1.878373e+00
1690.5850000 1.877738e+00
1690.9739000 1.877105e+00
1691.3639000 1.876470e+00
1691.7529000 1.875837e+00
1692.1431000 1.875203e+00
1692.5323000 1.874571e+00
1692.9217000 1.873938e+00
1693.3121000 1.873305e+00
1693.7016000 1.872673e+00
1694.0922000 1.872040e+00
1694.4819000 1.871409e+00
1694.8727000 1.870776e+00
1695.2626000 1.870145e+00
1695.6526000 1.869514e+00
1696.0436000 1.868882e+00
1696.4337000 1.868252e+00
1696.8249000 1.867621e+00
1697.2153000 1.866991e+00
1697.6067000 1.866359e+00
1697.9972000 1.865730e+00
1698.3878000 1.865101e+00
1698.7795000 1.864470e+00
1699.1703000 1.863842e+00
1699.5621000 1.863211e+00
1699.9531000 1.862583e+00
1700.3451000 1.861953e+00
1700.7362000 1.861326e+00
1701.1275000 1.860698e+00
1701.5198000 1.860069e+00
1701.9112000 1.859441e+00
1702.3037000 1.858813e+00
1702.6953000 1.858186e+00
1703.0879000 1.857558e+00
1703.4797000 1.856931e+00
1703.8716000 1.856305e+00
1704.2645000 1.855678e+00
1704.6566000 1.855052e+00
1705.0496000 1.854425e+00
1705.4419000 1.853799e+00
1705.8352000 1.853172e+00
1706.2276000 1.852547e+00
1706.6210000 1.851921e+00
1707.0136000 1.851297e+00
1707.4063000 1.850672e+00
1707.8001000 1.850047e+00
1708.1929000 1.849423e+00
1708.5869000 1.848797e+00
1708.9799000 1.848174e+00
1709.3740000 1.847549e+00
1709.7672000 1.846926e+00
1710.1606000 1.846303e+00
1710.5549000 1.845679e+00
1710.9484000 1.845057e+00
1711.3430000 1.844433e+00
1711.7367000 1.843811e+00
1712.1314000 1.843188e+00
1712.5253000 1.842566e+00
1712.9192000 1.841945e+00
1713.3142000 1.841322e+00
1713.7084000 1.840701e+00
1714.1035000 1.840079e+00
1714.4979000 1.839458e+00
1714.8932000 1.838836e+00
1715.2877000 1.838216e+00
1715.6823000 1.837596e+00
1716.0780000 1.836975e+00
1716.4728000 1.836355e+00
1716.8686000 1.835735e+00
1717.2635000 1.835116e+00
1717.6595000 1.834495e+00
1718.0547000 1.833876e+00
1718.4499000 1.833258e+00
1718.8462000 1.832638e+00
1719.2416000 1.832020e+00
1719.6381000 1.831401e+00
1720.0337000 1.830783e+00
1720.4303000 1.830164e+00
1720.8261000 1.829547e+00
1721.2219000 1.828930e+00
1721.6189000 1.828312e+00
1722.0149000 1.827695e+00
1722.4120000 1.827077e+00
1722.8082000 1.826461e+00
1723.2055000 1.825844e+00
1723.6019000 1.825228e+00
1723.9985000 1.824612e+00
1724.3960000 1.823996e+00
1724.7927000 1.823380e+00
1725.1904000 1.822764e+00
1725.5873000 1.822149e+00
1725.9852000 1.821533e+00
1726.3823000 1.820919e+00
1726.7794000 1.820305e+00
1727.1776000 1.819690e+00
1727.5750000 1.819076e+00
1727.9733000 1.818461e+00
1728.3709000 1.817848e+00
1728.7694000 1.817233e+00
1729.1671000 1.816620e+00
1729.5649000 1.816008e+00
1729.9637000 1.815394e+00
1730.3617000 1.814781e+00
1730.7607000 1.814168e+00
1731.1589000 1.813556e+00
1731.5581000 1.812943e+00
1731.9564000 1.812332e+00
1732.3549000 1.811720e+00
1732.7544000 1.811108e+00
1733.1530000 1.810497e+00
1733.5526000 1.809885e+00
1733.9514000 1.809275e+00
1734.3513000 1.808663e+00
1734.7503000 1.808053e+00
1735.1503000 1.807442e+00
1735.5495000 1.806832e+00
1735.9487000 1.806223e+00
1736.3490000 1.805612e+00
1736.7485000 1.805003e+00
1737.1490000 1.804393e+00
1737.5486000 1.803785e+00
1737.9493000 1.803175e+00
1738.3491000 1.802567e+00
1738.7490000 1.801959e+00
1739.1499000 1.801350e+00
1739.5500000 1.800742e+00
1739.9512000 1.800133e+00
1740.3514000 1.799526e+00
1740.7528000 1.798918e+00
1741.1532000 1.798311e+00
1741.5538000 1.797705e+00
1741.9554000 1.797097e+00
1742.3561000 1.796491e+00
1742.7579000 1.795884e+00
1743.1588000 1.795278e+00
1743.5608000 1.794671e+00
1743.9619000 1.794066e+00
1744.3631000 1.793461e+00
1744.7653000 1.792855e+00
1745.1667000 1.792250e+00
1745.5691000 1.791644e+00
1745.9707000 1.791040e+00
1746.3733000 1.790434e+00
1746.7751000 1.789830e+00
1747.1769000 1.789227e+00
1747.5798000 1.788622e+00
1747.9818000 1.788019e+00
1748.3849000 1.787414e+00
1748.7871000 1.786812e+00
1749.1904000 1.786207e+00
1749.5928000 1.785605e+00
1749.9953000 1.785003e+00
1750.3988000 1.784399e+00
1750.8015000 1.783798e+00
1751.2052000 1.783195e+00
1751.6081000 1.782593e+00
1752.0120000 1.781991e+00
1752.4151000 1.781390e+00
1752.8182000 1.780789e+00
1753.2224000 1.780187e+00
1753.6257000 1.779587e+00
1754.0301000 1.778985e+00
1754.4336000 1.778385e+00
1754.8382000 1.777784e+00
1755.2419000 1.777184e+00
1755.6457000 1.776585e+00
1756.0505000 1.775984e+00
1756.4545000 1.775385e+00
1756.8595000 1.774785e+00
1757.2637000 1.774187e+00
1757.6689000 1.773587e+00
1758.0733000 1.772989e+00
1758.4777000 1.772391e+00
1758.8832000 1.771792e+00
1759.2878000 1.771194e+00
1759.6935000 1.770595e+00
1760.0983000 1.769998e+00
1760.5042000 1.769400e+00
1760.9092000 1.768803e+00
1761.3143000 1.768206e+00
1761.7205000 1.767609e+00
1762.1258000 1.767013e+00
1762.5321000 1.766415e+00
1762.9376000 1.765819e+00
1763.3441000 1.765223e+00
1763.7498000 1.764627e+00
1764.1555000 1.764032e+00
1764.5623000 1.763436e+00
1764.9682000 1.762841e+00
1765.3752000 1.762245e+00
1765.7814000 1.761651e+00
1766.1885000 1.761055e+00
1766.5949000 1.760461e+00
1767.0022000 1.759866e+00
1767.4087000 1.759273e+00
1767.8153000 1.758679e+00
1768.2230000 1.758085e+00
1768.6298000 1.757492e+00
1769.0376000 1.756898e+00
1769.4446000 1.756305e+00
1769.8526000 1.755712e+00
1770.2597000 1.755119e+00
1770.6670000 1.754527e+00
1771.0753000 1.753934e+00
1771.4827000 1.753343e+00
1771.8912000 1.752750e+00
1772.2989000 1.752159e+00
1772.7075000 1.751567e+00
1773.1153000 1.750976e+00
1773.5233000 1.750385e+00
1773.9322000 1.749794e+00
1774.3403000 1.749204e+00
1774.7495000 1.748612e+00
1775.1578000 1.748022e+00
1775.5671000 1.747432e+00
1775.9756000 1.746842e+00
1776.3841000 1.746253e+00
1776.7938000 1.745663e+00
1777.2025000 1.745074e+00
1777.6123000 1.744484e+00
1778.0213000 1.743896e+00
1778.4313000 1.743306e+00
1778.8404000 1.742718e+00
1779.2496000 1.742131e+00
1779.6599000 1.741542e+00
1780.0693000 1.740954e+00
1780.4798000 1.740366e+00
1780.8894000 1.739779e+00
1781.3001000 1.739191e+00
1781.7098000 1.738604e+00
1782.1197000 1.738018e+00
1782.5307000 1.737430e+00
1782.9407000 1.736844e+00
1783.3519000 1.736257e+00
1783.7621000 1.735672e+00
1784.1735000 1.735085e+00
1784.5839000 1.734500e+00
1784.9945000 1.733915e+00
1785.4061000 1.733329e+00
1785.8168000 1.732744e+00
1786.2286000 1.732158e+00
1786.6395000 1.731574e+00
1787.0515000 1.730989e+00
1787.4626000 1.730405e+00
1787.8738000 1.729821e+00
1788.2861000 1.729237e+00
1788.6975000 1.728653e+00
1789.1100000 1.728069e+00
1789.5216000 1.727486e+00
1789.9342000 1.726902e+00
1790.3460000 1.726320e+00
1790.7579000 1.725738e+00
1791.1708000 1.725154e+00
1791.5829000 1.724572e+00
1791.9960000 1.723989e+00
1792.4083000 1.723408e+00
1792.8216000 1.722825e+00
1793.2340000 1.722244e+00
1793.6465000 1.721664e+00
1794.0602000 1.721082e+00
1794.4729000 1.720501e+00
1794.8867000 1.719919e+00
1795.2996000 1.719339e+00
1795.7136000 1.718758e+00
1796.1267000 1.718179e+00
1796.5399000 1.717599e+00
1796.9542000 1.717018e+00
1797.3675000 1.716439e+00
1797.7820000 1.715859e+00
1798.1956000 1.715280e+00
1798.6103000 1.714701e+00
1799.0240000 1.714122e+00
1799.4389000 1.713543e+00
1799.8528000 1.712965e+00
1800.2669000 1.712387e+00
1800.6820000 1.711808e+00
1801.0963000 1.711231e+00
1801.5116000 1.710653e+00
1801.9260000 1.710076e+00
1802.3415000 1.709498e+00
1802.7562000 1.708921e+00
1803.1709000 1.708345e+00
1803.5867000 1.707767e+00
1804.0016000 1.707191e+00
1804.4176000 1.706614e+00
1804.8327000 1.706039e+00
1805.2489000 1.705462e+00
1805.6642000 1.704887e+00
1806.0796000 1.704312e+00
1806.4961000 1.703735e+00
1806.9117000 1.703161e+00
1807.3283000 1.702585e+00
1807.7441000 1.702011e+00
1808.1610000 1.701436e+00
1808.5769000 1.700862e+00
1808.9930000 1.700288e+00
1809.4101000 1.699713e+00
1809.8264000 1.699140e+00
1810.2437000 1.698566e+00
1810.6602000 1.697993e+00
1811.0777000 1.697419e+00
1811.4943000 1.696846e+00
1811.9111000 1.696274e+00
1812.3289000 1.695701e+00
1812.7458000 1.695129e+00
1813.1638000 1.694556e+00
1813.5810000 1.693984e+00
1813.9992000 1.693412e+00
1814.4165000 1.692841e+00
1814.8339000 1.692270e+00
1815.2524000 1.691698e+00
1815.6700000 1.691127e+00
1816.0887000 1.690555e+00
1816.5064000 1.689985e+00
1816.9253000 1.689414e+00
1817.3433000 1.688844e+00
1817.7614000 1.688275e+00
1818.1806000 1.687704e+00
1818.5988000 1.687135e+00
1819.0182000 1.686564e+00
1819.4367000 1.685995e+00
1819.8562000 1.685426e+00
1820.2749000 1.684857e+00
1820.6936000 1.684289e+00
1821.1135000 1.683719e+00
1821.5324000 1.683152e+00
1821.9525000 1.682583e+00
1822.3716000 1.682015e+00
1822.7918000 1.681447e+00
1823.2112000 1.680879e+00
1823.6306000 1.680313e+00
1824.0511000 1.679745e+00
1824.4707000 1.679178e+00
1824.8915000 1.678610e+00
1825.3113000 1.678044e+00
1825.7322000 1.677477e+00
1826.1522000 1.676911e+00
1826.5723000 1.676346e+00
1826.9935000 1.675779e+00
1827.4138000 1.675214e+00
1827.8352000 1.674648e+00
1828.2557000 1.674083e+00
1828.6773000 1.673517e+00
1829.0980000 1.672952e+00
1829.5187000 1.672388e+00
1829.9406000 1.671823e+00
1830.3616000 1.671259e+00
1830.7837000 1.670694e+00
1831.2048000 1.670131e+00
1831.6271000 1.669566e+00
1832.0485000 1.669003e+00
1832.4709000 1.668439e+00
1832.8925000 1.667876e+00
1833.3142000 1.667314e+00
1833.7369000 1.666750e+00
1834.1588000 1.666188e+00
1834.5817000 1.665625e+00
1835.0038000 1.665063e+00
1835.4269000 1.664500e+00
1835.8491000 1.663939e+00
1836.2715000 1.663377e+00
1836.6949000 1.662815e+00
1837.1174000 1.662254e+00
1837.5411000 1.661692e+00
1837.9638000 1.661132e+00
1838.3876000 1.660571e+00
1838.8106000 1.660010e+00
1839.2336000 1.659451e+00
1839.6577000 1.658890e+00
1840.0809000 1.658330e+00
1840.5052000 1.657770e+00
1840.9286000 1.657211e+00
1841.3531000 1.656650e+00
1841.7767000 1.656092e+00
1842.2004000 1.655533e+00
1842.6253000 1.654973e+00
1843.0491000 1.654415e+00
1843.4741000 1.653856e+00
1843.8982000 1.653298e+00
1844.3234000 1.652739e+00
1844.7477000 1.652182e+00
1845.1721000 1.651625e+00
1845.5976000 1.651066e+00
1846.0222000 1.650510e+00
1846.4479000 1.649952e+00
1846.8726000 1.649395e+00
1847.2985000 1.648838e+00
1847.7235000 1.648281e+00
1848.1486000 1.647726e+00
1848.5747000 1.647169e+00
1849.0000000 1.646613e+00
1849.4264000 1.646056e+00
1849.8518000 1.645501e+00
1850.2784000 1.644945e+00
1850.7041000 1.644390e+00
1851.1298000 1.643836e+00
1851.5567000 1.643280e+00
1851.9826000 1.642726e+00
1852.4097000 1.642170e+00
1852.8358000 1.641617e+00
1853.2631000 1.641062e+00
1853.6894000 1.640508e+00
1854.1159000 1.639955e+00
1854.5434000 1.639401e+00
1854.9701000 1.638848e+00
1855.3978000 1.638294e+00
1855.8246000 1.637741e+00
1856.2526000 1.637187e+00
1856.6796000 1.636635e+00
1857.1067000 1.636083e+00
1857.5350000 1.635530e+00
1857.9623000 1.634979e+00
1858.3908000 1.634426e+00
1858.8183000 1.633875e+00
1859.2469000 1.633322e+00
1859.6746000 1.632772e+00
1860.1024000 1.632221e+00
1860.5314000 1.631669e+00
1860.9594000 1.631119e+00
1861.3885000 1.630567e+00
1861.8167000 1.630018e+00
1862.2461000 1.629466e+00
1862.6745000 1.628917e+00
1863.1030000 1.628368e+00
1863.5326000 1.627817e+00
1863.9613000 1.627268e+00
1864.3911000 1.626718e+00
1864.8200000 1.626169e+00
1865.2501000 1.625620e+00
1865.6792000 1.625071e+00
1866.1094000 1.624522e+00
1866.5387000 1.623974e+00
1866.9681000 1.623426e+00
1867.3986000 1.622878e+00
1867.8282000 1.622330e+00
1868.2589000 1.621782e+00
1868.6887000 1.621235e+00
1869.1196000 1.620687e+00
1869.5496000 1.620140e+00
1869.9797000 1.619594e+00
1870.4109000 1.619046e+00
1870.8412000 1.618500e+00
1871.2726000 1.617953e+00
1871.7031000 1.617408e+00
1872.1347000 1.616861e+00
1872.5654000 1.616316e+00
1872.9962000 1.615770e+00
1873.4281000 1.615224e+00
1873.8590000 1.614680e+00
1874.2912000 1.614134e+00
1874.7223000 1.613589e+00
1875.1546000 1.613044e+00
1875.5860000 1.612500e+00
1876.0175000 1.611956e+00
1876.4501000 1.611411e+00
1876.8818000 1.610868e+00
1877.3146000 1.610323e+00
1877.7464000 1.609780e+00
1878.1795000 1.609236e+00
1878.6115000 1.608693e+00
1879.0437000 1.608151e+00
1879.4770000 1.607607e+00
1879.9094000 1.607065e+00
1880.3429000 1.606521e+00
1880.7754000 1.605980e+00
1881.2091000 1.605437e+00
1881.6419000 1.604895e+00
1882.0748000 1.604354e+00
1882.5088000 1.603812e+00
1882.9419000 1.603271e+00
1883.3761000 1.602729e+00
1883.8093000 1.602188e+00
1884.2437000 1.601647e+00
1884.6772000 1.601106e+00
1885.1108000 1.600566e+00
1885.5455000 1.600025e+00
1885.9792000 1.599486e+00
1886.4141000 1.598945e+00
1886.8481000 1.598406e+00
1887.2832000 1.597866e+00
1887.7174000 1.597327e+00
1888.1516000 1.596788e+00
1888.5870000 1.596248e+00
1889.0215000 1.595710e+00
1889.4571000 1.595170e+00
1889.8918000 1.594632e+00
1890.3276000 1.594093e+00
1890.7625000 1.593556e+00
1891.1974000 1.593018e+00
1891.6335000 1.592480e+00
1892.0687000 1.591943e+00
1892.5050000 1.591404e+00
1892.9404000 1.590868e+00
1893.3769000 1.590330e+00
1893.8124000 1.589794e+00
1894.2481000 1.589258e+00
1894.6849000 1.588720e+00
1895.1208000 1.588184e+00
1895.5578000 1.587648e+00
1895.9939000 1.587112e+00
1896.4311000 1.586576e+00
1896.8674000 1.586040e+00
1897.3037000 1.585506e+00
1897.7412000 1.584970e+00
1898.1778000 1.584435e+00
1898.6155000 1.583899e+00
1899.0523000 1.583365e+00
1899.4902000 1.582830e+00
1899.9272000 1.582296e+00
1900.3653000 1.581761e+00
1900.8025000 1.581228e+00
1901.2398000 1.580695e+00
1901.6782000 1.580160e+00
1902.1157000 1.579627e+00
1902.5543000 1.579093e+00
1902.9920000 1.578561e+00
1903.4308000 1.578027e+00
1903.8687000 1.577495e+00
1904.3067000 1.576963e+00
1904.7458000 1.576430e+00
1905.1840000 1.575898e+00
1905.6233000 1.575365e+00
1906.0617000 1.574834e+00
1906.5012000 1.574302e+00
1906.9398000 1.573771e+00
1907.3785000 1.573240e+00
1907.8183000 1.572708e+00
1908.2572000 1.572178e+00
1908.6973000 1.571646e+00
1909.1364000 1.571116e+00
1909.5766000 1.570585e+00
1910.0159000 1.570055e+00
1910.4553000 1.569526e+00
1910.8959000 1.568995e+00
1911.3355000 1.568466e+00
1911.7762000 1.567936e+00
1912.2160000 1.567407e+00
1912.6570000 1.566877e+00
1913.0970000 1.566349e+00
1913.5371000 1.565821e+00
1913.9783000 1.565291e+00
1914.4186000 1.564763e+00
1914.8601000 1.564234e+00
1915.3006000 1.563707e+00
1915.7423000 1.563178e+00
1916.1830000 1.562651e+00
1916.6238000 1.562124e+00
1917.0658000 1.561596e+00
1917.5068000 1.561069e+00
1917.9490000 1.560542e+00
1918.3902000 1.560015e+00
1918.8326000 1.559488e+00
1919.2740000 1.558962e+00
1919.7155000 1.558436e+00
1920.1582000 1.557909e+00
1920.5999000 1.557384e+00
1921.0428000 1.556858e+00
1921.4847000 1.556333e+00
1921.9278000 1.555806e+00
1922.3700000 1.555282e+00
1922.8122000 1.554757e+00
1923.2556000 1.554232e+00
1923.6980000 1.553707e+00
1924.1416000 1.553182e+00
1924.5843000 1.552658e+00
1925.0281000 1.552133e+00
1925.4709000 1.551610e+00
1925.9139000 1.551087e+00
1926.3580000 1.550562e+00
1926.8012000 1.550039e+00
1927.2455000 1.549515e+00
1927.6888000 1.548993e+00
1928.1334000 1.548469e+00
1928.5769000 1.547947e+00
1929.0206000 1.547425e+00
1929.4654000 1.546902e+00
1929.9093000 1.546380e+00
1930.3543000 1.545857e+00
1930.7984000 1.545336e+00
1931.2436000 1.544814e+00
1931.6879000 1.544293e+00
1932.1323000 1.543772e+00
1932.5778000 1.543250e+00
1933.0224000 1.542729e+00
1933.4682000 1.542208e+00
1933.9130000 1.541688e+00
1934.3589000 1.541167e+00
1934.8039000 1.540647e+00
1935.2501000 1.540126e+00
1935.6953000 1.539607e+00
1936.1406000 1.539087e+00
1936.5871000 1.538567e+00
1937.0326000 1.538048e+00
1937.4792000 1.537528e+00
1937.9250000 1.537010e+00
1938.3718000 1.536490e+00
1938.8178000 1.535972e+00
1939.2638000 1.535454e+00
1939.7110000 1.534935e+00
1940.1572000 1.534417e+00
1940.6046000 1.533899e+00
1941.0510000 1.533381e+00
1941.4986000 1.532863e+00
1941.9453000 1.532346e+00
1942.3920000 1.531829e+00
1942.8399000 1.531311e+00
1943.2869000 1.530795e+00
1943.7350000 1.530277e+00
1944.1821000 1.529761e+00
1944.6305000 1.529244e+00
1945.0778000 1.528728e+00
1945.5253000 1.528213e+00
1945.9739000 1.527696e+00
1946.4216000 1.527181e+00
1946.8704000 1.526665e+00
1947.3183000 1.526150e+00
1947.7674000 1.525634e+00
1948.2154000 1.525119e+00
1948.6636000 1.524605e+00
1949.1130000 1.524090e+00
1949.5614000 1.523576e+00
1950.0109000 1.523061e+00
1950.4595000 1.522547e+00
1950.9093000 1.522032e+00
1951.3581000 1.521519e+00
1951.8070000 1.521006e+00
1952.2571000 1.520492e+00
1952.7062000 1.519979e+00
1953.1565000 1.519465e+00
1953.6058000 1.518953e+00
1954.0563000 1.518439e+00
1954.5059000 1.517927e+00
1954.9555000 1.517415e+00
1955.4063000 1.516902e+00
1955.8561000 1.516390e+00
1956.3071000 1.515878e+00
1956.7572000 1.515367e+00
1957.2084000 1.514854e+00
1957.6587000 1.514343e+00
1958.1090000 1.513833e+00
1958.5606000 1.513321e+00
1959.0111000 1.512811e+00
1959.4629000 1.512299e+00
1959.9136000 1.511789e+00
1960.3656000 1.511278e+00
1960.8166000 1.510768e+00
1961.2677000 1.510259e+00
1961.7199000 1.509748e+00
1962.1712000 1.509239e+00
1962.6237000 1.508729e+00
1963.0752000 1.508220e+00
1963.5279000 1.507710e+00
1963.9796000 1.507202e+00
1964.4314000 1.506693e+00
1964.8844000 1.506184e+00
1965.3364000 1.505676e+00
1965.7896000 1.505167e+00
1966.2418000 1.504660e+00
1966.6952000 1.504151e+00
1967.1477000 1.503644e+00
1967.6002000 1.503137e+00
1968.0539000 1.502628e+00
1968.5067000 1.502122e+00
1968.9606000 1.501614e+00
1969.4136000 1.501107e+00
1969.8677000 1.500600e+00
1970.3209000 1.500094e+00
1970.7752000 1.499587e+00
1971.2286000 1.499081e+00
1971.6821000 1.498575e+00
1972.1368000 1.498069e+00
1972.5904000 1.497564e+00
1973.0453000 1.497057e+00
1973.4992000 1.496552e+00
1973.9543000 1.496047e+00
1974.4084000 1.495542e+00
1974.8626000 1.495038e+00
1975.3180000 1.494532e+00
1975.7724000 1.494028e+00
1976.2280000 1.493523e+00
1976.6827000 1.493019e+00
1977.1385000 1.492515e+00
1977.5933000 1.492011e+00
1978.0483000 1.491508e+00
1978.5044000 1.491004e+00
1978.9596000 1.490501e+00
1979.4159000 1.489997e+00
1979.8713000 1.489495e+00
1980.3278000 1.488991e+00
1980.7834000 1.488489e+00
1981.2391000 1.487987e+00
1981.6959000 1.487484e+00
1982.1518000 1.486982e+00
1982.6089000 1.486480e+00
1983.0650000 1.485978e+00
1983.5223000 1.485476e+00
1983.9786000 1.484975e+00
1984.4350000 1.484474e+00
1984.8926000 1.483972e+00
1985.3492000 1.483472e+00
1985.8070000 1.482970e+00
1986.2639000 1.482470e+00
1986.7219000 1.481969e+00
1987.1789000 1.481469e+00
1987.6361000 1.480970e+00
1988.0944000 1.480469e+00
1988.5518000 1.479970e+00
1989.0104000 1.479469e+00
1989.4679000 1.478971e+00
1989.9267000 1.478471e+00
1990.3845000 1.477972e+00
1990.8424000 1.477473e+00
1991.3014000 1.476974e+00
1991.7595000 1.476476e+00
1992.2188000 1.475977e+00
1992.6771000 1.475479e+00
1993.1366000 1.474980e+00
1993.5952000 1.474483e+00
1994.0538000 1.473985e+00
1994.5136000 1.473487e+00
1994.9724000 1.472990e+00
1995.4325000 1.472492e+00
1995.8915000 1.471996e+00
1996.3518000 1.471498e+00
1996.8110000 1.471002e+00
1997.2704000 1.470506e+00
1997.7310000 1.470009e+00
1998.1905000 1.469513e+00
1998.6513000 1.469016e+00
1999.1111000 1.468521e+00
1999.5721000 1.468024e+00
2000.0321000 1.467529e+00
2000.4922000 1.467034e+00
2000.9535000 1.466538e+00
2001.4138000 1.466044e+00
2001.8754000 1.465548e+00
2002.3359000 1.465054e+00
2002.7976000 1.464559e+00
2003.2584000 1.464065e+00
2003.7203000 1.463570e+00
2004.1813000 1.463076e+00
2004.6423000 1.462583e+00
2005.1046000 1.462088e+00
2005.5659000 1.461595e+00
2006.0283000 1.461101e+00
2006.4898000 1.460608e+00
2006.9525000 1.460115e+00
2007.4142000 1.459622e+00
2007.8760000 1.459130e+00
2008.3390000 1.458637e+00
2008.8010000 1.458145e+00
2009.2643000 1.457652e+00
2009.7265000 1.457160e+00
2010.1899000 1.456668e+00
2010.6524000 1.456176e+00
2011.1149000 1.455685e+00
2011.5787000 1.455193e+00
2012.0414000 1.454702e+00
2012.5054000 1.454211e+00
2012.9684000 1.453720e+00
2013.4326000 1.453229e+00
2013.8958000 1.452738e+00
2014.3591000 1.452249e+00
2014.8236000 1.451758e+00
2015.2871000 1.451268e+00
2015.7518000 1.450777e+00
2016.2155000 1.450288e+00
2016.6804000 1.449798e+00
2017.1444000 1.449309e+00
2017.6084000 1.448820e+00
2018.0737000 1.448330e+00
2018.5379000 1.447842e+00
2019.0034000 1.447352e+00
2019.4679000 1.446864e+00
2019.9336000 1.446375e+00
2020.3982000 1.445887e+00
2020.8630000 1.445400e+00
2021.3290000 1.444911e+00
2021.7940000 1.444424e+00
2022.2603000 1.443936e+00
2022.7255000 1.443449e+00
2023.1919000 1.442961e+00
2023.6573000 1.442474e+00
2024.1229000 1.441988e+00
2024.5896000 1.441500e+00
2025.0554000 1.441014e+00
2025.5224000 1.440527e+00
2025.9883000 1.440041e+00
2026.4555000 1.439554e+00
2026.9217000 1.439069e+00
2027.3880000 1.438583e+00
2027.8555000 1.438097e+00
2028.3220000 1.437612e+00
2028.7897000 1.437126e+00
2029.2565000 1.436641e+00
2029.7244000 1.436156e+00
2030.1913000 1.435671e+00
2030.6584000 1.435187e+00
2031.1267000 1.434702e+00
2031.5939000 1.434218e+00
2032.0624000 1.433733e+00
2032.5299000 1.433250e+00
2032.9986000 1.432765e+00
2033.4662000 1.432282e+00
2033.9340000 1.431799e+00
2034.4031000 1.431315e+00
2034.8711000 1.430832e+00
2035.3403000 1.430349e+00
2035.8085000 1.429866e+00
2036.2780000 1.429383e+00
2036.7464000 1.428901e+00
2037.2150000 1.428419e+00
2037.6848000 1.427936e+00
2038.1535000 1.427454e+00
2038.6235000 1.426972e+00
2039.0925000 1.426491e+00
2039.5627000 1.426008e+00
2040.0319000 1.425527e+00
2040.5023000 1.425046e+00
2040.9718000 1.424565e+00
2041.4413000 1.424084e+00
2041.9120000 1.423603e+00
2042.3818000 1.423123e+00
2042.8527000 1.422642e+00
2043.3227000 1.422162e+00
2043.7939000 1.421681e+00
2044.2641000 1.421202e+00
2044.7343000 1.420723e+00
2045.2058000 1.420242e+00
2045.6763000 1.419763e+00
2046.1481000 1.419283e+00
2046.6188000 1.418805e+00
2047.0907000 1.418325e+00
2047.5617000 1.417847e+00
2048.0327000 1.417368e+00
2048.5050000 1.416889e+00
2048.9762000 1.416412e+00
2049.4487000 1.415933e+00
2049.9202000 1.415455e+00
2050.3929000 1.414977e+00
2050.8646000 1.414499e+00
2051.3364000 1.414022e+00
2051.8094000 1.413544e+00
2052.2814000 1.413068e+00
2052.7547000 1.412590e+00
2053.2269000 1.412114e+00
2053.7004000 1.411636e+00
2054.1728000 1.411160e+00
2054.6454000 1.410684e+00
2055.1192000 1.410207e+00
2055.5920000 1.409732e+00
2056.0660000 1.409255e+00
2056.5390000 1.408780e+00
2057.0132000 1.408304e+00
2057.4864000 1.407829e+00
2057.9598000 1.407354e+00
2058.4343000 1.406878e+00
2058.9079000 1.406404e+00
2059.3826000 1.405928e+00
2059.8564000 1.405454e+00
2060.3314000 1.404979e+00
2060.8054000 1.404505e+00
2061.2795000 1.404031e+00
2061.7548000 1.403557e+00
2062.2291000 1.403083e+00
2062.7046000 1.402609e+00
2063.1792000 1.402136e+00
2063.6549000 1.401662e+00
2064.1297000 1.401189e+00
2064.6045000 1.400717e+00
2065.0806000 1.400243e+00
2065.5557000 1.399771e+00
2066.0320000 1.399298e+00
2066.5073000 1.398826e+00
2066.9838000 1.398353e+00
2067.4593000 1.397881e+00
2067.9349000 1.397410e+00
2068.4118000 1.396938e+00
2068.8876000 1.396467e+00
2069.3647000 1.395994e+00
2069.8408000 1.395524e+00
2070.3181000 1.395052e+00
2070.7943000 1.394581e+00
2071.2707000 1.394111e+00
2071.7483000 1.393640e+00
2072.2250000 1.393170e+00
2072.7028000 1.392699e+00
2073.1796000 1.392229e+00
2073.6577000 1.391758e+00
2074.1347000 1.391289e+00
2074.6119000 1.390820e+00
2075.0903000 1.390350e+00
2075.5677000 1.389881e+00
2076.0463000 1.389411e+00
2076.5239000 1.388942e+00
2077.0027000 1.388473e+00
2077.4805000 1.388005e+00
2077.9596000 1.387535e+00
2078.4376000 1.387067e+00
2078.9158000 1.386600e+00
2079.3952000 1.386131e+00
2079.8735000 1.385663e+00
2080.3531000 1.385195e+00
2080.8317000 1.384728e+00
2081.3116000 1.384260e+00
2081.7904000 1.383793e+00
2082.2693000 1.383326e+00
2082.7494000 1.382859e+00
2083.2286000 1.382392e+00
2083.7090000 1.381925e+00
2084.1883000 1.381459e+00
2084.6689000 1.380992e+00
2085.1485000 1.380526e+00
2085.6282000 1.380060e+00
2086.1091000 1.379594e+00
2086.5890000 1.379129e+00
2087.0702000 1.378662e+00
2087.5503000 1.378197e+00
2088.0317000 1.377732e+00
2088.5121000 1.377267e+00
2088.9925000 1.376802e+00
2089.4742000 1.376337e+00
2089.9549000 1.375873e+00
2090.4368000 1.375408e+00
2090.9178000 1.374944e+00
2091.3999000 1.374479e+00
2091.8810000 1.374015e+00
2092.3623000 1.373552e+00
2092.8448000 1.373088e+00
2093.3262000 1.372625e+00
2093.8089000 1.372161e+00
2094.2906000 1.371698e+00
2094.7736000 1.371234e+00
2095.2555000 1.370772e+00
2095.7375000 1.370309e+00
2096.2207000 1.369846e+00
2096.7030000 1.369384e+00
2097.1865000 1.368921e+00
2097.6689000 1.368460e+00
2098.1526000 1.367997e+00
2098.6353000 1.367536e+00
2099.1181000 1.367074e+00
2099.6022000 1.366612e+00
2100.0852000 1.366151e+00
2100.5694000 1.365690e+00
2101.0527000 1.365229e+00
2101.5372000 1.364767e+00
2102.0206000 1.364307e+00
2102.5042000 1.363847e+00
2102.9890000 1.363386e+00
2103.4728000 1.362926e+00
2103.9579000 1.362465e+00
2104.4419000 1.362006e+00
2104.9272000 1.361545e+00
2105.4114000 1.361086e+00
2105.8957000 1.360627e+00
2106.3814000 1.360167e+00
2106.8659000 1.359709e+00
2107.3518000 1.359249e+00
2107.8366000 1.358791e+00
2108.3226000 1.358331e+00
2108.8076000 1.357873e+00
2109.2928000 1.357415e+00
2109.7792000 1.356956e+00
2110.2645000 1.356499e+00
2110.7511000 1.356040e+00
2111.2367000 1.355583e+00
2111.7236000 1.355124e+00
2112.2094000 1.354667e+00
2112.6953000 1.354211e+00
2113.1825000 1.353753e+00
2113.6686000 1.353296e+00
2114.1560000 1.352839e+00
2114.6424000 1.352382e+00
2115.1300000 1.351925e+00
2115.6166000 1.351469e+00
2116.1044000 1.351013e+00
2116.5912000 1.350557e+00
2117.0782000 1.350101e+00
2117.5664000 1.349645e+00
2118.0535000 1.349190e+00
2118.5419000 1.348734e+00
2119.0293000 1.348279e+00
2119.5179000 1.347823e+00
2120.0055000 1.347369e+00
2120.4932000 1.346914e+00
2120.9822000 1.346459e+00
2121.4701000 1.346005e+00
2121.9593000 1.345550e+00
2122.4475000 1.345096e+00
2122.9369000 1.344641e+00
2123.4253000 1.344188e+00
2123.9138000 1.343734e+00
2124.4036000 1.343280e+00
2124.8923000 1.342827e+00
2125.3823000 1.342373e+00
2125.8712000 1.341920e+00
2126.3614000 1.341467e+00
2126.8506000 1.341014e+00
2127.3399000 1.340562e+00
2127.8304000 1.340109e+00
2128.3200000 1.339657e+00
2128.8107000 1.339204e+00
2129.3005000 1.338752e+00
2129.7915000 1.338300e+00
2130.2814000 1.337849e+00
2130.7715000 1.337397e+00
2131.2629000 1.336945e+00
2131.7531000 1.336494e+00
2132.2447000 1.336043e+00
2132.7352000 1.335592e+00
2133.2271000 1.335140e+00
2133.7178000 1.334690e+00
2134.2087000 1.334240e+00
2134.7008000 1.333789e+00
2135.1919000 1.333339e+00
2135.6843000 1.332888e+00
2136.1756000 1.332439e+00
2136.6682000 1.331988e+00
2137.1597000 1.331539e+00
2137.6514000 1.331090e+00
2138.1443000 1.330640e+00
2138.6362000 1.330191e+00
2139.1293000 1.329742e+00
2139.6214000 1.329293e+00
2140.1148000 1.328844e+00
2140.6072000 1.328396e+00
2141.0996000 1.327948e+00
2141.5933000 1.327499e+00
2142.0860000 1.327051e+00
2142.5800000 1.326602e+00
2143.0729000 1.326155e+00
2143.5671000 1.325707e+00
2144.0602000 1.325260e+00
2144.5534000 1.324813e+00
2145.0479000 1.324365e+00
2145.5414000 1.323918e+00
2146.0362000 1.323471e+00
2146.5299000 1.323024e+00
2147.0248000 1.322577e+00
2147.5188000 1.322131e+00
2148.0128000 1.321685e+00
2148.5081000 1.321238e+00
2149.0024000 1.320793e+00
2149.4979000 1.320346e+00
2149.9924000 1.319901e+00
2150.4882000 1.319455e+00
2150.9829000 1.319010e+00
2151.4778000 1.318565e+00
2151.9739000 1.318119e+00
2152.4689000 1.317675e+00
2152.9653000 1.317229e+00
2153.4606000 1.316785e+00
2153.9572000 1.316340e+00
2154.4527000 1.315896e+00
2154.9495000 1.315451e+00
2155.4452000 1.315007e+00
2155.9411000 1.314564e+00
2156.4383000 1.314120e+00
2156.9343000 1.313676e+00
2157.4317000 1.313232e+00
2157.9280000 1.312789e+00
2158.4257000 1.312346e+00
2158.9222000 1.311903e+00
2159.4189000 1.311460e+00
2159.9168000 1.311017e+00
2160.4137000 1.310575e+00
2160.9119000 1.310132e+00
2161.4090000 1.309690e+00
2161.9074000 1.309247e+00
2162.4048000 1.308806e+00
2162.9022000 1.308364e+00
2163.4010000 1.307922e+00
2163.8987000 1.307481e+00
2164.3977000 1.307039e+00
2164.8956000 1.306598e+00
2165.3948000 1.306157e+00
2165.8929000 1.305716e+00
2166.3912000 1.305276e+00
2166.8908000 1.304834e+00
2167.3893000 1.304394e+00
2167.8890000 1.303953e+00
2168.3878000 1.303514e+00
2168.8878000 1.303073e+00
2169.3867000 1.302634e+00
2169.8858000 1.302194e+00
2170.3862000 1.301754e+00
2170.8855000 1.301315e+00
2171.3861000 1.300875e+00
2171.8856000 1.300436e+00
2172.3864000 1.299997e+00
2172.8862000 1.299558e+00
2173.3861000 1.299120e+00
2173.8872000 1.298681e+00
2174.3873000 1.298243e+00
2174.8887000 1.297804e+00
2175.3891000 1.297366e+00
2175.8907000 1.296928e+00
2176.3913000 1.296490e+00
2176.8920000 1.296053e+00
2177.3939000 1.295615e+00
2177.8948000 1.295178e+00
2178.3971000 1.294740e+00
2178.8982000 1.294304e+00
2179.4006000 1.293866e+00
2179.9020000 1.293430e+00
2180.4035000 1.292993e+00
2180.9063000 1.292556e+00
2181.4080000 1.292120e+00
2181.9110000 1.291684e+00
2182.4130000 1.291248e+00
2182.9162000 1.290811e+00
2183.4184000 1.290376e+00
2183.9207000 1.289941e+00
2184.4243000 1.289505e+00
2184.9268000 1.289070e+00
2185.4307000 1.288634e+00
2185.9334000 1.288200e+00
2186.4375000 1.287764e+00
2186.9405000 1.287330e+00
2187.4436000 1.286896e+00
2187.9480000 1.286461e+00
2188.4514000 1.286027e+00
2188.9560000 1.285592e+00
2189.4596000 1.285158e+00
2189.9645000 1.284724e+00
2190.4683000 1.284291e+00
2190.9722000 1.283858e+00
2191.4774000 1.283424e+00
2191.9816000 1.282991e+00
2192.4870000 1.282557e+00
2192.9914000 1.282124e+00
2193.4971000 1.281691e+00
2194.0017000 1.281259e+00
2194.5076000 1.280826e+00
2195.0125000 1.280394e+00
2195.5174000 1.279962e+00
2196.0237000 1.279529e+00
2196.5289000 1.279098e+00
2197.0354000 1.278665e+00
2197.5409000 1.278234e+00
2198.0476000 1.277802e+00
2198.5533000 1.277371e+00
2199.0590000 1.276940e+00
2199.5661000 1.276509e+00
2200.0721000 1.276078e+00
2200.5795000 1.275647e+00
2201.0857000 1.275216e+00
2201.5933000 1.274785e+00
2202.0998000 1.274355e+00
2202.6063000 1.273926e+00
2203.1143000 1.273495e+00
2203.6211000 1.273065e+00
2204.1292000 1.272635e+00
2204.6363000 1.272206e+00
2205.1447000 1.271776e+00
2205.6520000 1.271347e+00
2206.1594000 1.270918e+00
2206.6681000 1.270489e+00
2207.1757000 1.270060e+00
2207.6847000 1.269631e+00
2208.1926000 1.269202e+00
2208.7018000 1.268773e+00
2209.2099000 1.268346e+00
2209.7181000 1.267918e+00
2210.2277000 1.267489e+00
2210.7361000 1.267062e+00
2211.2459000 1.266633e+00
2211.7546000 1.266206e+00
2212.2647000 1.265778e+00
2212.7736000 1.265351e+00
2213.2826000 1.264925e+00
2213.7930000 1.264497e+00
2214.3023000 1.264070e+00
2214.8129000 1.263643e+00
2215.3224000 1.263217e+00
2215.8333000 1.262790e+00
2216.3430000 1.262364e+00
2216.8529000 1.261938e+00
2217.3641000 1.261512e+00
2217.8742000 1.261086e+00
2218.3856000 1.260660e+00
2218.8960000 1.260235e+00
2219.4076000 1.259809e+00
2219.9182000 1.259384e+00
2220.4289000 1.258959e+00
2220.9409000 1.258534e+00
2221.4518000 1.258109e+00
2221.9641000 1.257684e+00
2222.4753000 1.257260e+00
2222.9878000 1.256835e+00
2223.4992000 1.256411e+00
2224.0107000 1.255987e+00
2224.5235000 1.255562e+00
2225.0353000 1.255139e+00
2225.5484000 1.254715e+00
2226.0603000 1.254292e+00
2226.5737000 1.253867e+00
2227.0859000 1.253445e+00
2227.5982000 1.253022e+00
2228.1119000 1.252598e+00
2228.6245000 1.252176e+00
2229.1384000 1.251753e+00
2229.6512000 1.251330e+00
2230.1654000 1.250907e+00
2230.6784000 1.250486e+00
2231.1916000 1.250064e+00
2231.7061000 1.249641e+00
2232.2195000 1.249220e+00
2232.7342000 1.248797e+00
2233.2479000 1.248376e+00
2233.7628000 1.247954e+00
2234.2767000 1.247533e+00
2234.7919000 1.247112e+00
2235.3060000 1.246691e+00
2235.8203000 1.246271e+00
2236.3359000 1.245849e+00
2236.8503000 1.245429e+00
2237.3661000 1.245008e+00
2237.8808000 1.244588e+00
2238.3969000 1.244168e+00
2238.9118000 1.243748e+00
2239.4269000 1.243328e+00
2239.9433000 1.242908e+00
2240.4586000 1.242489e+00
2240.9752000 1.242069e+00
2241.4908000 1.241650e+00
2242.0076000 1.241230e+00
2242.5234000 1.240812e+00
2243.0393000 1.240393e+00
2243.5566000 1.239974e+00
2244.0727000 1.239556e+00
2244.5902000 1.239137e+00
2245.1065000 1.238719e+00
2245.6242000 1.238300e+00
2246.1408000 1.237882e+00
2246.6576000 1.237465e+00
2247.1756000 1.237047e+00
2247.6926000 1.236629e+00
2248.2109000 1.236211e+00
2248.7281000 1.235794e+00
2249.2467000 1.235377e+00
2249.7641000 1.234960e+00
2250.2817000 1.234544e+00
2250.8006000 1.234126e+00
2251.3184000 1.233710e+00
2251.8375000 1.233293e+00
2252.3555000 1.232877e+00
2252.8749000 1.232460e+00
2253.3932000 1.232045e+00
2253.9116000 1.231629e+00
2254.4313000 1.231213e+00
2254.9500000 1.230797e+00
2255.4699000 1.230381e+00
2255.9888000 1.229966e+00
2256.5090000 1.229551e+00
2257.0281000 1.229136e+00
2257.5474000 1.228721e+00
2258.0680000 1.228306e+00
2258.5874000 1.227892e+00
2259.1083000 1.227477e+00
2259.6280000 1.227063e+00
2260.1490000 1.226648e+00
2260.6690000 1.226234e+00
2261.1890000 1.225821e+00
2261.7105000 1.225406e+00
2262.2308000 1.224993e+00
2262.7524000 1.224579e+00
2263.2730000 1.224166e+00
2263.7949000 1.223752e+00
2264.3157000 1.223339e+00
2264.8366000 1.222927e+00
2265.3588000 1.222513e+00
2265.8800000 1.222101e+00
2266.4025000 1.221688e+00
2266.9239000 1.221276e+00
2267.4466000 1.220863e+00
2267.9682000 1.220451e+00
2268.4900000 1.220040e+00
2269.0131000 1.219627e+00
2269.5351000 1.219216e+00
2270.0584000 1.218804e+00
2270.5806000 1.218393e+00
2271.1042000 1.217981e+00
2271.6267000 1.217570e+00
2272.1493000 1.217160e+00
2272.6732000 1.216748e+00
2273.1961000 1.216338e+00
2273.7202000 1.215927e+00
2274.2433000 1.215516e+00
2274.7678000 1.215105e+00
2275.2911000 1.214696e+00
2275.8157000 1.214285e+00
2276.3393000 1.213876e+00
2276.8630000 1.213466e+00
2277.3880000 1.213056e+00
2277.9119000 1.212647e+00
2278.4372000 1.212237e+00
2278.9613000 1.211828e+00
2279.4869000 1.211418e+00
2280.0113000 1.211010e+00
2280.5358000 1.210601e+00
2281.0617000 1.210192e+00
2281.5864000 1.209784e+00
2282.1125000 1.209375e+00
2282.6375000 1.208967e+00
2283.1639000 1.208559e+00
2283.6891000 1.208151e+00
2284.2145000 1.207744e+00
2284.7412000 1.207335e+00
2285.2668000 1.206928e+00
2285.7938000 1.206520e+00
2286.3197000 1.206113e+00
2286.8469000 1.205705e+00
2287.3730000 1.205299e+00
2287.8992000 1.204892e+00
2288.4268000 1.204485e+00
2288.9532000 1.204079e+00
2289.4810000 1.203672e+00
2290.0077000 1.203266e+00
2290.5358000 1.202859e+00
2291.0627000 1.202453e+00
2291.5898000 1.202048e+00
2292.1182000 1.201641e+00
2292.6455000 1.201236e+00
2293.1742000 1.200830e+00
2293.7017000 1.200425e+00
2294.2307000 1.200019e+00
2294.7585000 1.199615e+00
2295.2864000 1.199210e+00
2295.8156000 1.198805e+00
2296.3438000 1.198400e+00
2296.8733000 1.197995e+00
2297.4017000 1.197591e+00
2297.9315000 1.197186e+00
2298.4601000 1.196783e+00
2298.9889000 1.196379e+00
2299.5190000 1.195975e+00
2300.0480000 1.195571e+00
2300.5784000 1.195167e+00
2301.1077000 1.194764e+00
2301.6383000 1.194360e+00
2302.1678000 1.193957e+00
2302.6974000 1.193555e+00
2303.2284000 1.193151e+00
2303.7582000 1.192749e+00
2304.2895000 1.192345e+00
2304.8196000 1.191943e+00
2305.3511000 1.191540e+00
2305.8814000 1.191139e+00
2306.4119000 1.190737e+00
2306.9437000 1.190334e+00
2307.4744000 1.189933e+00
2308.0065000 1.189531e+00
2308.5375000 1.189129e+00
2309.0698000 1.188727e+00
2309.6010000 1.188327e+00
2310.1324000 1.187926e+00
2310.6651000 1.187524e+00
2311.1966000 1.187124e+00
2311.7296000 1.186722e+00
2312.2614000 1.186322e+00
2312.7946000 1.185921e+00
2313.3267000 1.185521e+00
2313.8601000 1.185120e+00
2314.3924000 1.184721e+00
2314.9248000 1.184321e+00
2315.4586000 1.183921e+00
2315.9913000 1.183522e+00
2316.5254000 1.183121e+00
2317.0583000 1.182722e+00
2317.5926000 1.182323e+00
2318.1258000 1.181924e+00
2318.6590000 1.181525e+00
2319.1937000 1.181126e+00
2319.7272000 1.180728e+00
2320.2622000 1.180328e+00
2320.7959000 1.179930e+00
2321.3311000 1.179531e+00
2321.8651000 1.179134e+00
2322.3993000 1.178736e+00
2322.9348000 1.178337e+00
2323.4692000 1.177940e+00
2324.0050000 1.177542e+00
2324.5396000 1.177145e+00
2325.0757000 1.176747e+00
2325.6105000 1.176350e+00
2326.1455000 1.175953e+00
2326.6819000 1.175556e+00
2327.2172000 1.175159e+00
2327.7538000 1.174762e+00
2328.2893000 1.174366e+00
2328.8262000 1.173969e+00
2329.3620000 1.173573e+00
2329.8979000 1.173177e+00
2330.4351000 1.172780e+00
2330.9712000 1.172385e+00
2331.5088000 1.171989e+00
2332.0451000 1.171593e+00
2332.5829000 1.171197e+00
2333.1195000 1.170802e+00
2333.6562000 1.170407e+00
2334.1944000 1.170012e+00
2334.7313000 1.169617e+00
2335.2697000 1.169222e+00
2335.8069000 1.168827e+00
2336.3456000 1.168432e+00
2336.8830000 1.168038e+00
2337.4206000 1.167644e+00
2337.9596000 1.167250e+00
2338.4975000 1.166856e+00
2339.0367000 1.166462e+00
2339.5748000 1.166068e+00
2340.1143000 1.165674e+00
2340.6527000 1.165281e+00
2341.1911000 1.164888e+00
2341.7310000 1.164494e+00
2342.2697000 1.164101e+00
2342.8098000 1.163708e+00
2343.3488000 1.163315e+00
2343.8892000 1.162922e+00
2344.4284000 1.162530e+00
2344.9677000 1.162138e+00
2345.5085000 1.161745e+00
2346.0480000 1.161353e+00
2346.5890000 1.160961e+00
2347.1289000 1.160569e+00
2347.6701000 1.160177e+00
2348.2102000 1.159785e+00
2348.7504000 1.159394e+00
2349.2920000 1.159002e+00
2349.8325000 1.158611e+00
2350.3743000 1.158220e+00
2350.9150000 1.157829e+00
2351.4571000 1.157438e+00
2351.9981000 1.157047e+00
2352.5392000 1.156657e+00
2353.0817000 1.156266e+00
2353.6230000 1.155876e+00
2354.1657000 1.155485e+00
2354.7073000 1.155096e+00
2355.2503000 1.154705e+00
2355.7921000 1.154316e+00
2356.3353000 1.153926e+00
2356.8774000 1.153536e+00
2357.4196000 1.153147e+00
2357.9632000 1.152758e+00
2358.5057000 1.152369e+00
2359.0495000 1.151979e+00
2359.5922000 1.151591e+00
2360.1364000 1.151201e+00
2360.6793000 1.150813e+00
2361.2224000 1.150425e+00
2361.7669000 1.150036e+00
2362.3102000 1.149648e+00
2362.8549000 1.149260e+00
2363.3985000 1.148872e+00
2363.9435000 1.148484e+00
2364.4873000 1.148096e+00
2365.0313000 1.147709e+00
2365.5766000 1.147321e+00
2366.1208000 1.146934e+00
2366.6665000 1.146546e+00
2367.2109000 1.146160e+00
2367.7568000 1.145772e+00
2368.3015000 1.145386e+00
2368.8463000 1.145000e+00
2369.3926000 1.144613e+00
2369.9376000 1.144227e+00
2370.4841000 1.143840e+00
2371.0295000 1.143454e+00
2371.5762000 1.143067e+00
2372.1218000 1.142682e+00
2372.6675000 1.142297e+00
2373.2146000 1.141910e+00
2373.7606000 1.141525e+00
2374.3080000 1.141139e+00
2374.8542000 1.140755e+00
2375.4018000 1.140369e+00
2375.9483000 1.139984e+00
2376.4949000 1.139600e+00
2377.0429000 1.139215e+00
2377.5897000 1.138830e+00
2378.1380000 1.138445e+00
2378.6851000 1.138061e+00
2379.2336000 1.137677e+00
2379.7809000 1.137293e+00
2380.3284000 1.136910e+00
2380.8773000 1.136525e+00
2381.4250000 1.136142e+00
2381.9741000 1.135758e+00
2382.5221000 1.135375e+00
2383.0715000 1.134991e+00
2383.6197000 1.134608e+00
2384.1681000 1.134226e+00
2384.7179000 1.133842e+00
2385.2665000 1.133460e+00
2385.8165000 1.133077e+00
2386.3654000 1.132694e+00
2386.9157000 1.132311e+00
2387.4648000 1.131930e+00
2388.0140000 1.131548e+00
2388.5647000 1.131165e+00
2389.1142000 1.130784e+00
2389.6651000 1.130402e+00
2390.2148000 1.130020e+00
2390.7660000 1.129638e+00
2391.3160000 1.129257e+00
2391.8661000 1.128877e+00
2392.4177000 1.128495e+00
2392.9680000 1.128114e+00
2393.5199000 1.127733e+00
2394.0705000 1.127353e+00
2394.6225000 1.126972e+00
2395.1734000 1.126591e+00
2395.7244000 1.126212e+00
2396.2769000 1.125831e+00
2396.8281000 1.125451e+00
2397.3808000 1.125071e+00
2397.9324000 1.124691e+00
2398.4853000 1.124311e+00
2399.0371000 1.123932e+00
2399.5903000 1.123552e+00
2400.1423000 1.123173e+00
2400.6945000 1.122794e+00
2401.2481000 1.122415e+00
2401.8005000 1.122036e+00
2402.3543000 1.121657e+00
2402.9070000 1.121278e+00
2403.4611000 1.120899e+00
2404.0140000 1.120521e+00
2404.5670000 1.120144e+00
2405.1215000 1.119765e+00
2405.6748000 1.119387e+00
2406.2296000 1.119009e+00
2406.7831000 1.118631e+00
2407.3381000 1.118253e+00
2407.8919000 1.117876e+00
2408.4459000 1.117499e+00
2409.0012000 1.117121e+00
2409.5554000 1.116745e+00
2410.1111000 1.116367e+00
2410.6655000 1.115991e+00
2411.2214000 1.115613e+00
2411.7761000 1.115237e+00
2412.3309000 1.114861e+00
2412.8872000 1.114484e+00
2413.4423000 1.114108e+00
2413.9988000 1.113732e+00
2414.5542000 1.113356e+00
2415.1109000 1.112980e+00
2415.6665000 1.112604e+00
2416.2223000 1.112229e+00
2416.7794000 1.111853e+00
2417.3354000 1.111478e+00
2417.8928000 1.111102e+00
2418.4491000 1.110728e+00
2419.0068000 1.110352e+00
2419.5633000 1.109978e+00
2420.1199000 1.109603e+00
2420.6779000 1.109228e+00
2421.2348000 1.108854e+00
2421.7931000 1.108479e+00
2422.3503000 1.108105e+00
2422.9089000 1.107731e+00
2423.4663000 1.107357e+00
2424.0238000 1.106984e+00
2424.5827000 1.106610e+00
2425.1405000 1.106236e+00
2425.6997000 1.105862e+00
2426.2578000 1.105489e+00
2426.8173000 1.105116e+00
2427.3756000 1.104743e+00
2427.9340000 1.104370e+00
2428.4938000 1.103997e+00
2429.0525000 1.103625e+00
2429.6126000 1.103252e+00
2430.1716000 1.102880e+00
2430.7320000 1.102507e+00
2431.2912000 1.102135e+00
2431.8505000 1.101763e+00
2432.4113000 1.101391e+00
2432.9708000 1.101019e+00
2433.5319000 1.100647e+00
2434.0917000 1.100276e+00
2434.6530000 1.099904e+00
2435.2131000 1.099533e+00
2435.7733000 1.099162e+00
2436.3350000 1.098791e+00
2436.8955000 1.098420e+00
2437.4574000 1.098049e+00
2438.0181000 1.097678e+00
2438.5803000 1.097307e+00
2439.1413000 1.096937e+00
2439.7024000 1.096567e+00
2440.2650000 1.096197e+00
2440.8264000 1.095827e+00
2441.3893000 1.095456e+00
2441.9509000 1.095087e+00
2442.5140000 1.094717e+00
2443.0759000 1.094348e+00
2443.6393000 1.093978e+00
2444.2014000 1.093609e+00
2444.7637000 1.093240e+00
2445.3275000 1.092870e+00
2445.8900000 1.092502e+00
2446.4540000 1.092132e+00
2447.0168000 1.091764e+00
2447.5811000 1.091395e+00
2448.1442000 1.091027e+00
2448.7074000 1.090659e+00
2449.2720000 1.090290e+00
2449.8355000 1.089923e+00
2450.4004000 1.089554e+00
2450.9641000 1.089187e+00
2451.5293000 1.088818e+00
2452.0933000 1.088451e+00
2452.6574000 1.088084e+00
2453.2230000 1.087716e+00
2453.7873000 1.087350e+00
2454.3532000 1.086982e+00
2454.9178000 1.086615e+00
2455.4839000 1.086248e+00
2456.0488000 1.085882e+00
2456.6138000 1.085515e+00
2457.1803000 1.085148e+00
2457.7455000 1.084783e+00
2458.3123000 1.084416e+00
2458.8778000 1.084050e+00
2459.4448000 1.083684e+00
2460.0106000 1.083318e+00
2460.5765000 1.082953e+00
2461.1439000 1.082587e+00
2461.7101000 1.082222e+00
2462.2778000 1.081856e+00
2462.8442000 1.081491e+00
2463.4122000 1.081125e+00
2463.9789000 1.080761e+00
2464.5457000 1.080396e+00
2465.1140000 1.080031e+00
2465.6811000 1.079667e+00
2466.2497000 1.079302e+00
2466.8171000 1.078938e+00
2467.3859000 1.078573e+00
2467.9535000 1.078209e+00
2468.5213000 1.077846e+00
2469.0905000 1.077481e+00
2469.6585000 1.077118e+00
2470.2280000 1.076754e+00
2470.7963000 1.076391e+00
2471.3660000 1.076027e+00
2471.9346000 1.075664e+00
2472.5032000 1.075301e+00
2473.0734000 1.074938e+00
2473.6423000 1.074575e+00
2474.2127000 1.074212e+00
2474.7819000 1.073849e+00
2475.3526000 1.073486e+00
2475.9221000 1.073124e+00
2476.4916000 1.072763e+00
2477.0627000 1.072400e+00
2477.6326000 1.072038e+00
2478.2039000 1.071676e+00
2478.7740000 1.071314e+00
2479.3456000 1.070952e+00
2479.9160000 1.070591e+00
2480.4865000 1.070230e+00
2481.0585000 1.069868e+00
2481.6292000 1.069507e+00
2482.2015000 1.069146e+00
2482.7725000 1.068785e+00
2483.3450000 1.068424e+00
2483.9163000 1.068064e+00
2484.4878000 1.067703e+00
2485.0607000 1.067342e+00
2485.6324000 1.066982e+00
2486.2055000 1.066622e+00
2486.7775000 1.066262e+00
2487.3509000 1.065902e+00
2487.9231000 1.065542e+00
2488.4969000 1.065182e+00
2489.0693000 1.064823e+00
2489.6419000 1.064464e+00
2490.2160000 1.064104e+00
2490.7889000 1.063745e+00
2491.3633000 1.063385e+00
2491.9364000 1.063027e+00
2492.5111000 1.062667e+00
2493.0845000 1.062309e+00
2493.6580000 1.061951e+00
2494.2330000 1.061592e+00
2494.8068000 1.061234e+00
2495.3821000 1.060875e+00
2495.9562000 1.060517e+00
2496.5317000 1.060159e+00
2497.1061000 1.059801e+00
2497.6805000 1.059444e+00
2498.2565000 1.059085e+00
2498.8312000 1.058728e+00
2499.4074000 1.058370e+00
2499.9824000 1.058013e+00
2500.5589000 1.057656e+00
2501.1341000 1.057299e+00
2501.7095000 1.056942e+00
2502.2864000 1.056585e+00
2502.8621000 1.056229e+00
2503.4392000 1.055872e+00
2504.0151000 1.055516e+00
2504.5926000 1.055159e+00
2505.1687000 1.054803e+00
2505.7450000 1.054447e+00
2506.3229000 1.054091e+00
2506.8994000 1.053735e+00
2507.4775000 1.053379e+00
2508.0544000 1.053024e+00
2508.6327000 1.052668e+00
2509.2098000 1.052313e+00
2509.7871000 1.051958e+00
2510.3658000 1.051602e+00
2510.9433000 1.051248e+00
2511.5223000 1.050892e+00
2512.1001000 1.050538e+00
2512.6794000 1.050183e+00
2513.2574000 1.049829e+00
2513.8356000 1.049474e+00
2514.4153000 1.049120e+00
2514.9937000 1.048766e+00
2515.5737000 1.048411e+00
2516.1524000 1.048058e+00
2516.7326000 1.047703e+00
2517.3116000 1.047350e+00
2517.8907000 1.046997e+00
2518.4713000 1.046643e+00
2519.0507000 1.046290e+00
2519.6316000 1.045936e+00
2520.2112000 1.045584e+00
2520.7924000 1.045230e+00
2521.3723000 1.044878e+00
2521.9523000 1.044525e+00
2522.5339000 1.044172e+00
2523.1142000 1.043820e+00
2523.6960000 1.043467e+00
2524.2766000 1.043115e+00
2524.8586000 1.042763e+00
2525.4395000 1.042411e+00
2526.0205000 1.042059e+00
2526.6030000 1.041707e+00
2527.1842000 1.041356e+00
2527.7670000 1.041004e+00
2528.3485000 1.040653e+00
2528.9315000 1.040301e+00
2529.5133000 1.039950e+00
2530.0952000 1.039599e+00
2530.6786000 1.039248e+00
2531.2608000 1.038897e+00
2531.8445000 1.038546e+00
2532.4270000 1.038196e+00
2533.0109000 1.037845e+00
2533.5936000 1.037495e+00
2534.1779000 1.037144e+00
2534.7609000 1.036794e+00
2535.3440000 1.036445e+00
2535.9286000 1.036094e+00
2536.5120000 1.035745e+00
2537.0969000 1.035395e+00
2537.6806000 1.035046e+00
2538.2658000 1.034696e+00
2538.8497000 1.034347e+00
2539.4338000 1.033998e+00
2540.0193000 1.033648e+00
2540.6037000 1.033300e+00
2541.1895000 1.032950e+00
2541.7741000 1.032602e+00
2542.3603000 1.032253e+00
2542.9451000 1.031905e+00
2543.5301000 1.031557e+00
2544.1167000 1.031208e+00
2544.7019000 1.030860e+00
2545.2887000 1.030512e+00
2545.8743000 1.030164e+00
2546.4613000 1.029816e+00
2547.0472000 1.029469e+00
2547.6331000 1.029122e+00
2548.2206000 1.028774e+00
2548.8068000 1.028427e+00
2549.3945000 1.028079e+00
2549.9810000 1.027732e+00
2550.5690000 1.027385e+00
2551.1558000 1.027038e+00
2551.7427000 1.026692e+00
2552.3311000 1.026345e+00
2552.9183000 1.025999e+00
2553.5070000 1.025652e+00
2554.0944000 1.025306e+00
2554.6834000 1.024959e+00
2555.2711000 1.024614e+00
2555.8589000 1.024268e+00
2556.4483000 1.023922e+00
2557.0364000 1.023577e+00
2557.6260000 1.023231e+00
2558.2144000 1.022886e+00
2558.8043000 1.022540e+00
2559.3930000 1.022195e+00
2559.9818000 1.021850e+00
2560.5721000 1.021505e+00
2561.1612000 1.021160e+00
2561.7518000 1.020815e+00
2562.3411000 1.020471e+00
2562.9320000 1.020126e+00
2563.5215000 1.019782e+00
2564.1113000 1.019438e+00
2564.7026000 1.019093e+00
2565.2926000 1.018749e+00
2565.8841000 1.018405e+00
2566.4744000 1.018062e+00
2567.0662000 1.017717e+00
2567.6568000 1.017374e+00
2568.2475000 1.017031e+00
2568.8397000 1.016687e+00
2569.4306000 1.016344e+00
2570.0232000 1.016001e+00
2570.6144000 1.015658e+00
2571.2072000 1.015315e+00
2571.7987000 1.014972e+00
2572.3903000 1.014630e+00
2572.9835000 1.014287e+00
2573.5754000 1.013945e+00
2574.1689000 1.013602e+00
2574.7610000 1.013260e+00
2575.3548000 1.012918e+00
2575.9472000 1.012576e+00
2576.5398000 1.012235e+00
2577.1340000 1.011893e+00
2577.7268000 1.011551e+00
2578.3213000 1.011209e+00
2578.9144000 1.010868e+00
2579.5091000 1.010527e+00
2580.1025000 1.010186e+00
2580.6975000 1.009844e+00
2581.2912000 1.009504e+00
2581.8850000 1.009163e+00
2582.4804000 1.008822e+00
2583.0745000 1.008482e+00
2583.6701000 1.008141e+00
2584.2645000 1.007801e+00
2584.8604000 1.007460e+00
2585.4550000 1.007121e+00
2586.0498000 1.006781e+00
2586.6462000 1.006440e+00
2587.2412000 1.006101e+00
2587.8378000 1.005761e+00
2588.4332000 1.005422e+00
2589.0300000 1.005082e+00
2589.6256000 1.004743e+00
2590.2214000 1.004404e+00
2590.8187000 1.004065e+00
2591.4147000 1.003726e+00
2592.0123000 1.003387e+00
2592.6086000 1.003048e+00
2593.2064000 1.002709e+00
2593.8030000 1.002371e+00
2594.3997000 1.002033e+00
2594.9979000 1.001694e+00
2595.5949000 1.001356e+00
2596.1935000 1.001018e+00
2596.7907000 1.000680e+00
2597.3895000 1.000342e+00
2597.9870000 1.000005e+00
2598.5847000 9.996673e-01
2599.1839000 9.993294e-01
2599.7819000 9.989923e-01
2600.3814000 9.986546e-01
2600.9796000 9.983178e-01
2601.5794000 9.979803e-01
2602.1779000 9.976438e-01
2602.7765000 9.973073e-01
2603.3767000 9.969702e-01
2603.9756000 9.966339e-01
2604.5761000 9.962970e-01
2605.1752000 9.959611e-01
2605.7760000 9.956243e-01
2606.3754000 9.952886e-01
2606.9750000 9.949529e-01
2607.5762000 9.946166e-01
2608.1761000 9.942811e-01
2608.7775000 9.939450e-01
2609.3777000 9.936098e-01
2609.9794000 9.932739e-01
2610.5798000 9.929389e-01
2611.1804000 9.926040e-01
2611.7825000 9.922685e-01
2612.3833000 9.919338e-01
2612.9857000 9.915985e-01
2613.5868000 9.912641e-01
2614.1895000 9.909290e-01
2614.7909000 9.905948e-01
2615.3925000 9.902607e-01
2615.9956000 9.899259e-01
2616.5974000 9.895921e-01
2617.2007000 9.892576e-01
2617.8028000 9.889239e-01
2618.4065000 9.885896e-01
2619.0089000 9.882562e-01
2619.6114000 9.879229e-01
2620.2154000 9.875890e-01
2620.8182000 9.872559e-01
2621.4226000 9.869221e-01
2622.0256000 9.865893e-01
2622.6302000 9.862558e-01
2623.2336000 9.859232e-01
2623.8371000 9.855906e-01
2624.4421000 9.852575e-01
2625.0459000 9.849252e-01
2625.6512000 9.845922e-01
2626.2552000 9.842602e-01
2626.8608000 9.839275e-01
2627.4651000 9.835956e-01
2628.0710000 9.832631e-01
2628.6756000 9.829315e-01
2629.2803000 9.826000e-01
2629.8866000 9.822678e-01
2630.4916000 9.819366e-01
2631.0982000 9.816046e-01
2631.7035000 9.812736e-01
2632.3104000 9.809418e-01
2632.9159000 9.806110e-01
2633.5216000 9.802803e-01
2634.1289000 9.799489e-01
2634.7349000 9.796184e-01
2635.3424000 9.792873e-01
2635.9487000 9.789570e-01
2636.5565000 9.786261e-01
2637.1631000 9.782960e-01
2637.7698000 9.779661e-01
2638.3780000 9.776355e-01
2638.9850000 9.773057e-01
2639.5935000 9.769754e-01
2640.2008000 9.766459e-01
2640.8096000 9.763157e-01
2641.4171000 9.759865e-01
2642.0247000 9.756573e-01
2642.6340000 9.753275e-01
2643.2419000 9.749986e-01
2643.8515000 9.746689e-01
2644.4597000 9.743402e-01
2645.0695000 9.740108e-01
2645.6780000 9.736824e-01
2646.2866000 9.733540e-01
2646.8968000 9.730250e-01
2647.5057000 9.726968e-01
2648.1163000 9.723679e-01
2648.7255000 9.720400e-01
2649.3362000 9.717115e-01
2649.9457000 9.713837e-01
2650.5553000 9.710561e-01
2651.1665000 9.707279e-01
2651.7764000 9.704005e-01
2652.3879000 9.700724e-01
2652.9981000 9.697453e-01
2653.6099000 9.694174e-01
2654.2204000 9.690905e-01
2654.8310000 9.687636e-01
2655.4431000 9.684362e-01
2656.0540000 9.681096e-01
2656.6665000 9.677823e-01
2657.2777000 9.674559e-01
2657.8904000 9.671289e-01
2658.5019000 9.668027e-01
2659.1135000 9.664766e-01
2659.7267000 9.661499e-01
2660.3385000 9.658241e-01
2660.9520000 9.654976e-01
2661.5641000 9.651720e-01
2662.1779000 9.648457e-01
2662.7903000 9.645203e-01
2663.4029000 9.641950e-01
2664.0171000 9.638690e-01
2664.6299000 9.635440e-01
2665.2444000 9.632182e-01
2665.8575000 9.628934e-01
2666.4722000 9.625679e-01
2667.0857000 9.622432e-01
2667.6992000 9.619188e-01
2668.3144000 9.615936e-01
2668.9282000 9.612693e-01
2669.5437000 9.609443e-01
2670.1578000 9.606202e-01
2670.7735000 9.602955e-01
2671.3880000 9.599716e-01
2672.0040000 9.596471e-01
2672.6187000 9.593234e-01
2673.2335000 9.589999e-01
2673.8499000 9.586757e-01
2674.4650000 9.583524e-01
2675.0818000 9.580284e-01
2675.6972000 9.577053e-01
2676.3142000 9.573816e-01
2676.9299000 9.570587e-01
2677.5457000 9.567359e-01
2678.1631000 9.564125e-01
2678.7792000 9.560900e-01
2679.3970000 9.557667e-01
2680.0133000 9.554444e-01
2680.6314000 9.551214e-01
2681.2480000 9.547993e-01
2681.8648000 9.544773e-01
2682.4833000 9.541546e-01
2683.1004000 9.538328e-01
2683.7191000 9.535104e-01
2684.3365000 9.531888e-01
2684.9555000 9.528666e-01
2685.5732000 9.525452e-01
2686.1910000 9.522240e-01
2686.8104000 9.519021e-01
2687.4285000 9.515810e-01
2688.0482000 9.512594e-01
2688.6666000 9.509385e-01
2689.2866000 9.506171e-01
2689.9053000 9.502965e-01
2690.5241000 9.499760e-01
2691.1445000 9.496548e-01
2691.7636000 9.493346e-01
2692.3843000 9.490136e-01
2693.0037000 9.486936e-01
2693.6247000 9.483729e-01
2694.2443000 9.480531e-01
2694.8642000 9.477333e-01
2695.4856000 9.474129e-01
2696.1057000 9.470934e-01
2696.7274000 9.467732e-01
2697.3478000 9.464539e-01
2697.9698000 9.461340e-01
2698.5904000 9.458149e-01
2699.2112000 9.454959e-01
2699.8337000 9.451763e-01
2700.4548000 9.448575e-01
2701.0775000 9.445381e-01
2701.6989000 9.442195e-01
2702.3219000 9.439003e-01
2702.9435000 9.435821e-01
2703.5654000 9.432638e-01
2704.1888000 9.429449e-01
2704.8109000 9.426269e-01
2705.4346000 9.423083e-01
2706.0570000 9.419905e-01
2706.6810000 9.416720e-01
2707.3037000 9.413544e-01
2707.9265000 9.410370e-01
2708.5509000 9.407189e-01
2709.1740000 9.404016e-01
2709.7987000 9.400837e-01
2710.4221000 9.397666e-01
2711.0472000 9.394489e-01
2711.6708000 9.391321e-01
2712.2946000 9.388154e-01
2712.9201000 9.384980e-01
2713.5442000 9.381815e-01
2714.1699000 9.378644e-01
2714.7943000 9.375481e-01
2715.4203000 9.372311e-01
2716.0450000 9.369150e-01
2716.6698000 9.365991e-01
2717.2963000 9.362824e-01
2717.9214000 9.359667e-01
2718.5482000 9.356502e-01
2719.1736000 9.353347e-01
2719.8006000 9.350185e-01
2720.4263000 9.347032e-01
2721.0536000 9.343872e-01
2721.6796000 9.340721e-01
2722.3057000 9.337571e-01
2722.9335000 9.334414e-01
2723.5599000 9.331266e-01
2724.1879000 9.328111e-01
2724.8146000 9.324966e-01
2725.4429000 9.321813e-01
2726.0699000 9.318669e-01
2726.6971000 9.315526e-01
2727.3258000 9.312378e-01
2727.9532000 9.309237e-01
2728.5823000 9.306090e-01
2729.2100000 9.302951e-01
2729.8394000 9.299806e-01
2730.4674000 9.296670e-01
2731.0955000 9.293535e-01
2731.7253000 9.290393e-01
2732.3537000 9.287260e-01
2732.9838000 9.284120e-01
2733.6125000 9.280989e-01
2734.2429000 9.277851e-01
2734.8719000 9.274722e-01
2735.5010000 9.271595e-01
2736.1318000 9.268461e-01
2736.7613000 9.265334e-01
2737.3924000 9.262202e-01
2738.0221000 9.259079e-01
2738.6535000 9.255949e-01
2739.2835000 9.252827e-01
2739.9137000 9.249706e-01
2740.5455000 9.246580e-01
2741.1760000 9.243461e-01
2741.8081000 9.240336e-01
2742.4388000 9.237220e-01
2743.0712000 9.234097e-01
2743.7023000 9.230983e-01
2744.3334000 9.227870e-01
2744.9663000 9.224750e-01
2745.5978000 9.221639e-01
2746.2309000 9.218522e-01
2746.8626000 9.215413e-01
2747.4961000 9.212297e-01
2748.1281000 9.209191e-01
2748.7603000 9.206085e-01
2749.3942000 9.202973e-01
2750.0267000 9.199869e-01
2750.6608000 9.196759e-01
2751.2936000 9.193658e-01
2751.9281000 9.190549e-01
2752.5611000 9.187450e-01
2753.1944000 9.184351e-01
2753.8292000 9.181247e-01
2754.4628000 9.178150e-01
2755.0979000 9.175048e-01
2755.7317000 9.171953e-01
2756.3672000 9.231825e-01
2757.0013000 9.235515e-01
2757.6355000 9.239831e-01
2758.2715000 9.244834e-01
2758.9060000 9.250545e-01
2759.5422000 9.257041e-01
2760.1770000 9.264343e-01
2760.8135000 9.272538e-01
2761.4486000 9.281642e-01
2762.0839000 9.291728e-01
2762.7208000 9.302879e-01
2763.3564000 9.315102e-01
2763.9936000 9.328511e-01
2764.6295000 9.343103e-01
2765.2670000 9.359004e-01
2765.9031000 9.376196e-01
2766.5394000 9.394776e-01
2767.1774000 9.414850e-01
2767.8140000 9.436375e-01
2768.4522000 9.459507e-01
2769.0891000 9.484190e-01
2769.7276000 9.510585e-01
2770.3648000 9.538618e-01
2771.0036000 9.568458e-01
2771.6411000 9.600005e-01
2772.2787000 9.633354e-01
2772.9180000 9.668621e-01
2773.5559000 9.705656e-01
2774.1955000 9.744651e-01
2774.8337000 9.785425e-01
2775.4736000 9.828174e-01
2776.1121000 9.872682e-01
2776.7507000 9.919027e-01
2777.3910000 9.967305e-01
2778.0299000 1.001724e+00
2778.6706000 1.006905e+00
2779.3098000 1.012240e+00
2779.9507000 1.017749e+00
2780.5902000 1.023397e+00
2781.2299000 1.029190e+00
2781.8712000 1.035130e+00
2782.5112000 1.041179e+00
2783.1528000 1.047353e+00
2783.7931000 1.053610e+00
2784.4350000 1.059964e+00
2785.0756000 1.066371e+00
2785.7163000 1.072829e+00
2786.3587000 1.079337e+00
2786.9997000 1.085844e+00
2787.6423000 1.092363e+00
2788.2836000 1.098844e+00
2788.9266000 1.105298e+00
2789.5682000 1.111672e+00
2790.2099000 1.117960e+00
2790.8533000 1.124155e+00
2791.4954000 1.130208e+00
2792.1391000 1.136124e+00
2792.7814000 1.141852e+00
2793.4254000 1.147399e+00
2794.0681000 1.152717e+00
2794.7108000 1.157796e+00
2795.3553000 1.162631e+00
2795.9983000 1.167175e+00
2796.6431000 1.171432e+00
2797.2865000 1.175365e+00
2797.9315000 1.178973e+00
2798.5752000 1.182224e+00
2799.2190000 1.185112e+00
2799.8645000 1.187629e+00
2800.5086000 1.189752e+00
2801.1544000 1.191480e+00
2801.7988000 1.192795e+00
2802.4449000 1.193698e+00
2803.0896000 1.194178e+00
2803.7344000 1.194235e+00
2804.3809000 1.193865e+00
2805.0261000 1.193069e+00
2805.6729000 1.191847e+00
2806.3184000 1.190207e+00
2806.9655000 1.188148e+00
2807.6112000 1.185685e+00
2808.2571000 1.182824e+00
2808.9047000 1.179566e+00
2809.5509000 1.175940e+00
2810.1988000 1.171941e+00
2810.8452000 1.167604e+00
2811.4934000 1.162923e+00
2812.1402000 1.157939e+00
2812.7871000 1.152660e+00
2813.4357000 1.147091e+00
2814.0830000 1.141278e+00
2814.7319000 1.135216e+00
2815.3794000 1.128954e+00
2816.0286000 1.122485e+00
2816.6765000 1.115861e+00
2817.3244000 1.109090e+00
2817.9741000 1.102177e+00
2818.6224000 1.095178e+00
2819.2723000 1.088081e+00
2819.9209000 1.080942e+00
2820.5712000 1.073747e+00
2821.2200000 1.066554e+00
2821.8706000 1.059345e+00
2822.5198000 1.052176e+00
2823.1691000 1.045047e+00
2823.8201000 1.037961e+00
2824.4697000 1.030965e+00
2825.1211000 1.024043e+00
2825.7710000 1.017244e+00
2826.4226000 1.010547e+00
2827.0728000 1.003996e+00
2827.7232000 9.975873e-01
2828.3752000 9.913164e-01
2829.0259000 9.852204e-01
2829.6783000 9.792790e-01
2830.3292000 9.735279e-01
2830.9819000 9.679436e-01
2831.6332000 9.625580e-01
2832.2846000 9.573612e-01
2832.9377000 9.523439e-01
2833.5894000 9.475311e-01
2834.2428000 9.429006e-01
2834.8948000 9.384742e-01
2835.5486000 9.342291e-01
2836.2009000 9.301850e-01
2836.8533000 9.263286e-01
2837.5075000 9.226477e-01
2838.1603000 9.191565e-01
2838.8147000 9.158349e-01
2839.4678000 9.126930e-01
2840.1226000 9.097115e-01
2840.7759000 9.068995e-01
2841.4295000 9.042433e-01
2842.0847000 9.017324e-01
2842.7385000 8.993722e-01
2843.3940000 8.971455e-01
2844.0482000 8.950563e-01
2844.7040000 8.930892e-01
2845.3584000 8.912470e-01
2846.0130000 8.748470e-01
2846.6693000 8.745513e-01
2847.3241000 8.742563e-01
2847.9807000 8.739608e-01
2848.6359000 8.736660e-01
2849.2928000 8.733707e-01
2849.9483000 8.730761e-01
2850.6039000 8.727817e-01
2851.2612000 8.724867e-01
2851.9172000 8.721924e-01
2852.5748000 8.718975e-01
2853.2310000 8.716035e-01
2853.8890000 8.713088e-01
2854.5455000 8.710150e-01
2855.2022000 8.707212e-01
2855.8606000 8.704269e-01
2856.5176000 8.701333e-01
2857.1763000 8.698392e-01
2857.8336000 8.695458e-01
2858.4926000 8.692519e-01
2859.1502000 8.689587e-01
2859.8079000 8.686657e-01
2860.4674000 8.683720e-01
2861.1255000 8.680791e-01
2861.7852000 8.677857e-01
2862.4436000 8.674930e-01
2863.1036000 8.671998e-01
2863.7623000 8.669073e-01
2864.4211000 8.666149e-01
2865.0816000 8.663220e-01
2865.7407000 8.660298e-01
2866.4016000 8.657370e-01
2867.0610000 8.654451e-01
2867.7221000 8.651525e-01
2868.3818000 8.648607e-01
2869.0417000 8.645691e-01
2869.7033000 8.642768e-01
2870.3635000 8.639853e-01
2871.0254000 8.636932e-01
2871.6858000 8.634020e-01
2872.3481000 8.631100e-01
2873.0088000 8.628190e-01
2873.6713000 8.625273e-01
2874.3324000 8.622364e-01
2874.9937000 8.619456e-01
2875.6566000 8.616542e-01
2876.3182000 8.613636e-01
2876.9814000 8.610725e-01
2877.6433000 8.607820e-01
2878.3069000 8.604910e-01
2878.9690000 8.602009e-01
2879.6313000 8.599108e-01
2880.2954000 8.596200e-01
2880.9580000 8.593301e-01
2881.6223000 8.590397e-01
2882.2852000 8.587499e-01
2882.9499000 8.584596e-01
2883.6131000 8.581701e-01
2884.2765000 8.578807e-01
2884.9416000 8.575907e-01
2885.6052000 8.573015e-01
2886.2707000 8.570116e-01
2886.9346000 8.567226e-01
2887.6004000 8.564330e-01
2888.2647000 8.561441e-01
2888.9291000 8.558554e-01
2889.5953000 8.555661e-01
2890.2600000 8.552776e-01
2890.9265000 8.549884e-01
2891.5916000 8.547001e-01
2892.2584000 8.544111e-01
2892.9237000 8.541230e-01
2893.5892000 8.538350e-01
2894.2565000 8.535463e-01
2894.9223000 8.532584e-01
2895.5899000 8.529700e-01
2896.2560000 8.526823e-01
2896.9239000 8.523941e-01
2897.5903000 8.521066e-01
2898.2569000 8.518192e-01
2898.9252000 8.515313e-01
2899.5921000 8.512441e-01
2900.2608000 8.509563e-01
2900.9280000 8.506693e-01
2901.5969000 8.503818e-01
2902.2644000 8.500950e-01
2902.9321000 8.498083e-01
2903.6015000 8.495210e-01
2904.2695000 8.492345e-01
2904.9392000 8.489474e-01
2905.6074000 8.486611e-01
2906.2775000 8.483742e-01
2906.9461000 8.480881e-01
2907.6148000 8.478021e-01
2908.2853000 8.475154e-01
2908.9543000 8.472296e-01
2909.6251000 8.469432e-01
2910.2945000 8.466576e-01
2910.9656000 8.463714e-01
2911.6353000 8.460859e-01
2912.3051000 8.458006e-01
2912.9766000 8.455147e-01
2913.6468000 8.452295e-01
2914.3187000 8.449437e-01
2914.9891000 8.446588e-01
2915.6613000 8.443733e-01
2916.3320000 8.440885e-01
2917.0029000 8.438038e-01
2917.6756000 8.435186e-01
2918.3468000 8.432341e-01
2919.0197000 8.429491e-01
2919.6913000 8.426647e-01
2920.3645000 8.423799e-01
2921.0364000 8.420958e-01
2921.7083000 8.418118e-01
2922.3821000 8.415272e-01
2923.0544000 8.412434e-01
2923.7284000 8.409590e-01
2924.4010000 8.406754e-01
2925.0754000 8.403912e-01
2925.7483000 8.401078e-01
2926.4230000 8.398238e-01
2927.0962000 8.395406e-01
2927.7696000 8.392574e-01
2928.4447000 8.389737e-01
2929.1184000 8.386908e-01
2929.7938000 8.384072e-01
2930.4678000 8.381245e-01
2931.1436000 8.378411e-01
2931.8179000 8.375586e-01
2932.4924000 8.372761e-01
2933.1686000 8.369931e-01
2933.8434000 8.367108e-01
2934.5199000 8.364279e-01
2935.1950000 8.361458e-01
2935.8718000 8.358632e-01
2936.5472000 8.355813e-01
2937.2228000 8.352995e-01
2937.9001000 8.350171e-01
2938.5759000 8.347355e-01
2939.2536000 8.344533e-01
2939.9297000 8.341719e-01
2940.6077000 8.338899e-01
2941.2842000 8.336087e-01
2941.9608000 8.333275e-01
2942.6392000 8.330458e-01
2943.3162000 8.327649e-01
2943.9949000 8.324834e-01
2944.6721000 8.322026e-01
2945.3512000 8.319213e-01
2946.0288000 8.316407e-01
2946.7065000 8.313602e-01
2947.3860000 8.310792e-01
2948.0640000 8.307989e-01
2948.7438000 8.305181e-01
2949.4222000 8.302380e-01
2950.1023000 8.299573e-01
2950.7810000 8.296774e-01
2951.4598000 8.293976e-01
2952.1404000 8.291172e-01
2952.8196000 8.288376e-01
2953.5005000 8.285574e-01
2954.1799000 8.282780e-01
2954.8612000 8.279979e-01
2955.5409000 8.277187e-01
2956.2208000 8.274396e-01
2956.9025000 8.271598e-01
2957.5828000 8.268809e-01
2958.2648000 8.266013e-01
2958.9453000 8.263226e-01
2959.6276000 8.260432e-01
2960.3085000 8.257646e-01
2960.9895000 8.254862e-01
2961.6723000 8.252071e-01
2962.3536000 8.249288e-01
2963.0368000 8.246499e-01
2963.7184000 8.243718e-01
2964.4018000 8.240931e-01
2965.0838000 8.238152e-01
2965.7659000 8.235374e-01
2966.4498000 8.232590e-01
2967.1322000 8.229813e-01
2967.8164000 8.227031e-01
2968.4992000 8.224256e-01
2969.1837000 8.221476e-01
2969.8668000 8.218703e-01
2970.5500000 8.215932e-01
2971.2350000 8.213154e-01
2971.9185000 8.210384e-01
2972.6038000 8.207609e-01
2973.2877000 8.204841e-01
2973.9733000 8.202067e-01
2974.6575000 8.199301e-01
2975.3418000 8.196536e-01
2976.0279000 8.193765e-01
2976.7125000 8.191001e-01
2977.3989000 8.188233e-01
2978.0839000 8.185471e-01
2978.7706000 8.182704e-01
2979.4559000 8.179944e-01
2980.1429000 8.177179e-01
2980.8285000 8.174421e-01
2981.5143000 8.171664e-01
2982.2018000 8.168902e-01
2982.8878000 8.166147e-01
2983.5757000 8.163386e-01
2984.2621000 8.160633e-01
2984.9502000 8.157874e-01
2985.6369000 8.155123e-01
2986.3237000 8.152373e-01
2987.0124000 8.149617e-01
2987.6995000 8.146868e-01
2988.3885000 8.144114e-01
2989.0760000 8.141368e-01
2989.7653000 8.138615e-01
2990.4530000 8.135871e-01
2991.1410000 8.133127e-01
2991.8307000 8.130378e-01
2992.5190000 8.127635e-01
2993.2091000 8.124888e-01
2993.8977000 8.122147e-01
2994.5880000 8.119402e-01
2995.2769000 8.116664e-01
2995.9660000 8.113926e-01
2996.6569000 8.111183e-01
2997.3462000 8.108448e-01
2998.0374000 8.105707e-01
2998.7271000 8.102973e-01
2999.4186000 8.100234e-01
3000.1086000 8.097502e-01
3000.7988000 8.094771e-01
3001.4908000 8.092035e-01
3002.1813000 8.089305e-01
3002.8736000 8.086571e-01
3003.5644000 8.083844e-01
3004.2570000 8.081111e-01
3004.9481000 8.078386e-01
3005.6394000 8.075661e-01
3006.3325000 8.072931e-01
3007.0241000 8.070208e-01
3007.7175000 8.067480e-01
3008.4094000 8.064760e-01
3009.1032000 8.062033e-01
3009.7954000 8.059314e-01
3010.4878000 8.056596e-01
3011.1820000 8.053873e-01
3011.8747000 8.051157e-01
3012.5693000 8.048435e-01
3013.2623000 8.045720e-01
3013.9572000 8.043000e-01
3014.6505000 8.040288e-01
3015.3440000 8.037576e-01
3016.0394000 8.034859e-01
3016.7332000 8.032149e-01
3017.4289000 8.029434e-01
3018.1230000 8.026726e-01
3018.8190000 8.024013e-01
3019.5135000 8.021306e-01
3020.2081000 8.018601e-01
3020.9045000 8.015891e-01
3021.5995000 8.013187e-01
3022.2963000 8.010478e-01
3022.9915000 8.007777e-01
3023.6886000 8.005070e-01
3024.3842000 8.002370e-01
3025.0800000 7.999671e-01
3025.7776000 7.996967e-01
3026.4736000 7.994270e-01
3027.1715000 7.991568e-01
3027.8679000 7.988872e-01
3028.5662000 7.986171e-01
3029.2629000 7.983478e-01
3029.9598000 7.980786e-01
3030.6585000 7.978088e-01
3031.3557000 7.975397e-01
3032.0547000 7.972701e-01
3032.7522000 7.970012e-01
3033.4515000 7.967318e-01
3034.1494000 7.964631e-01
3034.8491000 7.961938e-01
3035.5472000 7.959253e-01
3036.2455000 7.956569e-01
3036.9457000 7.953879e-01
3037.6443000 7.951197e-01
3038.3448000 7.948509e-01
3039.0438000 7.945828e-01
3039.7446000 7.943142e-01
3040.4439000 7.940463e-01
3041.1433000 7.937785e-01
3041.8446000 7.935102e-01
3042.5444000 7.932426e-01
3043.2460000 7.929744e-01
3043.9461000 7.927070e-01
3044.6480000 7.924390e-01
3045.3484000 7.921718e-01
3046.0490000 7.919046e-01
3046.7514000 7.916369e-01
3047.4523000 7.913699e-01
3048.1550000 7.911024e-01
3048.8563000 7.908356e-01
3049.5593000 7.905682e-01
3050.2609000 7.903016e-01
3050.9626000 7.900351e-01
3051.6661000 7.897680e-01
3052.3682000 7.895016e-01
3053.0720000 7.892348e-01
3053.7744000 7.889686e-01
3054.4786000 7.887019e-01
3055.1813000 7.884359e-01
3055.8841000 7.881700e-01
3056.5888000 7.879035e-01
3057.2919000 7.876378e-01
3057.9969000 7.873716e-01
3058.7004000 7.871060e-01
3059.4058000 7.868399e-01
3060.1096000 7.865746e-01
3060.8136000 7.863093e-01
3061.5194000 7.860435e-01
3062.2237000 7.857784e-01
3062.9298000 7.855127e-01
3063.6344000 7.852478e-01
3064.3409000 7.849824e-01
3065.0458000 7.847177e-01
3065.7510000 7.844530e-01
3066.4579000 7.841878e-01
3067.1633000 7.839233e-01
3067.8706000 7.836583e-01
3068.5764000 7.833940e-01
3069.2840000 7.831292e-01
3069.9901000 7.828651e-01
3070.6963000 7.826011e-01
3071.4044000 7.823365e-01
3072.1110000 7.820727e-01
3072.8194000 7.818083e-01
3073.5263000 7.815446e-01
3074.2351000 7.812804e-01
3074.9423000 7.810169e-01
3075.6497000 7.807535e-01
3076.3589000 7.804896e-01
3077.0666000 7.802264e-01
3077.7762000 7.799626e-01
3078.4842000 7.796996e-01
3079.1941000 7.794360e-01
3079.9025000 7.791731e-01
3080.6110000 7.789103e-01
3081.3214000 7.786470e-01
3082.0302000 7.783844e-01
3082.7410000 7.781213e-01
3083.4501000 7.778589e-01
3084.1612000 7.775959e-01
3084.8707000 7.773336e-01
3085.5820000 7.770709e-01
3086.2919000 7.768088e-01
3087.0019000 7.765468e-01
3087.7137000 7.762843e-01
3088.4241000 7.760225e-01
3089.1362000 7.757602e-01
3089.8469000 7.754985e-01
3090.5594000 7.752364e-01
3091.2704000 7.749749e-01
3091.9815000 7.747136e-01
3092.6945000 7.744517e-01
3093.4060000 7.741905e-01
3094.1193000 7.739288e-01
3094.8311000 7.736678e-01
3095.5448000 7.734062e-01
3096.2569000 7.731454e-01
3096.9692000 7.728846e-01
3097.6834000 7.726233e-01
3098.3960000 7.723628e-01
3099.1105000 7.721017e-01
3099.8234000 7.718413e-01
3100.5382000 7.715804e-01
3101.2515000 7.713202e-01
3101.9649000 7.710600e-01
3102.6802000 7.707994e-01
3103.3940000 7.705394e-01
3104.1096000 7.702789e-01
3104.8237000 7.700192e-01
3105.5397000 7.697588e-01
3106.2541000 7.694993e-01
3106.9687000 7.692397e-01
3107.6852000 7.689797e-01
3108.4001000 7.687203e-01
3109.1169000 7.684605e-01
3109.8321000 7.682013e-01
3110.5493000 7.679416e-01
3111.2648000 7.676826e-01
3111.9806000 7.674237e-01
3112.6982000 7.671643e-01
3113.4143000 7.669055e-01
3114.1322000 7.666463e-01
3114.8486000 7.663878e-01
3115.5669000 7.661287e-01
3116.2836000 7.658703e-01
3117.0005000 7.656120e-01
3117.7193000 7.653532e-01
3118.4365000 7.650951e-01
3119.1556000 7.648364e-01
3119.8732000 7.645785e-01
3120.5926000 7.643200e-01
3121.3105000 7.640622e-01
3122.0286000 7.638045e-01
3122.7485000 7.635463e-01
3123.4669000 7.632888e-01
3124.1871000 7.630308e-01
3124.9059000 7.627735e-01
3125.6265000 7.625156e-01
3126.3455000 7.622585e-01
3127.0647000 7.620014e-01
3127.7858000 7.617438e-01
3128.5054000 7.614869e-01
3129.2268000 7.612295e-01
3129.9467000 7.609727e-01
3130.6684000 7.607155e-01
3131.3886000 7.604589e-01
3132.1090000 7.602025e-01
3132.8312000 7.599455e-01
3133.5519000 7.596892e-01
3134.2745000 7.594324e-01
3134.9956000 7.591762e-01
3135.7185000 7.589196e-01
3136.4399000 7.586636e-01
3137.1614000 7.584078e-01
3137.8848000 7.581514e-01
3138.6067000 7.578957e-01
3139.3304000 7.576395e-01
3140.0526000 7.573840e-01
3140.7767000 7.571280e-01
3141.4993000 7.568726e-01
3142.2237000 7.566167e-01
3142.9466000 7.563616e-01
3143.6696000 7.561065e-01
3144.3945000 7.558509e-01
3145.1179000 7.555960e-01
3145.8431000 7.553406e-01
3146.5668000 7.550858e-01
3147.2924000 7.548306e-01
3148.0164000 7.545760e-01
3148.7406000 7.543215e-01
3149.4667000 7.540665e-01
3150.1913000 7.538122e-01
3150.9177000 7.535574e-01
3151.6426000 7.533032e-01
3152.3693000 7.530486e-01
3153.0945000 7.527946e-01
3153.8199000 7.525407e-01
3154.5471000 7.522863e-01
3155.2728000 7.520326e-01
3156.0004000 7.517784e-01
3156.7265000 7.515248e-01
3157.4544000 7.512708e-01
3158.1808000 7.510174e-01
3158.9073000 7.507641e-01
3159.6358000 7.505103e-01
3160.3626000 7.502572e-01
3161.0914000 7.500036e-01
3161.8186000 7.497506e-01
3162.5477000 7.494972e-01
3163.2752000 7.492444e-01
3164.0030000 7.489917e-01
3164.7326000 7.487385e-01
3165.4606000 7.484860e-01
3166.1906000 7.482330e-01
3166.9189000 7.479807e-01
3167.6492000 7.477278e-01
3168.3779000 7.474756e-01
3169.1068000 7.472235e-01
3169.8376000 7.469709e-01
3170.5668000 7.467190e-01
3171.2979000 7.464666e-01
3172.0275000 7.462148e-01
3172.7590000 7.459626e-01
3173.4889000 7.457110e-01
3174.2189000 7.454595e-01
3174.9509000 7.452075e-01
3175.6813000 7.449562e-01
3176.4136000 7.447043e-01
3177.1443000 7.444532e-01
3177.8769000 7.442015e-01
3178.6080000 7.439505e-01
3179.3392000 7.436997e-01
3180.0724000 7.434482e-01
3180.8040000 7.431975e-01
3181.5375000 7.429462e-01
3182.2694000 7.426957e-01
3183.0032000 7.424446e-01
3183.7354000 7.421942e-01
3184.4678000 7.419439e-01
3185.2022000 7.416931e-01
3185.9349000 7.414430e-01
3186.6696000 7.411923e-01
3187.4027000 7.409424e-01
3188.1377000 7.406919e-01
3188.8711000 7.404421e-01
3189.6047000 7.401924e-01
3190.3402000 7.399421e-01
3191.0742000 7.396926e-01
3191.8100000 7.394425e-01
3192.5443000 7.391932e-01
3193.2805000 7.389433e-01
3194.0151000 7.386941e-01
3194.7499000 7.384449e-01
3195.4866000 7.381953e-01
3196.2217000 7.379463e-01
3196.9587000 7.376969e-01
3197.6942000 7.374481e-01
3198.4316000 7.371988e-01
3199.1674000 7.369502e-01
3199.9051000 7.367010e-01
3200.6412000 7.364526e-01
3201.3775000 7.362042e-01
3202.1158000 7.359553e-01
3202.8524000 7.357071e-01
3203.5910000 7.354584e-01
3204.3280000 7.352104e-01
3205.0669000 7.349618e-01
3205.8042000 7.347140e-01
3206.5417000 7.344662e-01
3207.2811000 7.342179e-01
3208.0189000 7.339703e-01
3208.7587000 7.337222e-01
3209.4969000 7.334747e-01
3210.2370000 7.332267e-01
3210.9755000 7.329795e-01
3211.7142000 7.327323e-01
3212.4548000 7.324846e-01
3213.1938000 7.322375e-01
3213.9347000 7.319900e-01
3214.6741000 7.317431e-01
3215.4154000 7.314958e-01
3216.1551000 7.312491e-01
3216.8950000 7.310025e-01
3217.6368000 7.307553e-01
3218.3770000 7.305089e-01
3219.1192000 7.302619e-01
3219.8597000 7.300157e-01
3220.6022000 7.297689e-01
3221.3431000 7.295228e-01
3222.0842000 7.292767e-01
3222.8272000 7.290302e-01
3223.5686000 7.287843e-01
3224.3119000 7.285380e-01
3225.0537000 7.282922e-01
3225.7974000 7.280460e-01
3226.5395000 7.278005e-01
3227.2817000 7.275551e-01
3228.0259000 7.273091e-01
3228.7685000 7.270638e-01
3229.5131000 7.268180e-01
3230.2560000 7.265729e-01
3231.0009000 7.263273e-01
3231.7442000 7.260823e-01
3232.4876000 7.258375e-01
3233.2331000 7.255921e-01
3233.9769000 7.253474e-01
3234.7226000 7.251022e-01
3235.4667000 7.248576e-01
3236.2128000 7.246126e-01
3236.9573000 7.243682e-01
3237.7020000 7.241239e-01
3238.4486000 7.238791e-01
3239.1936000 7.236350e-01
3239.9405000 7.233904e-01
3240.6859000 7.231464e-01
3241.4332000 7.229019e-01
3242.1789000 7.226581e-01
3242.9247000 7.224144e-01
3243.6725000 7.221702e-01
3244.4187000 7.219267e-01
3245.1669000 7.216826e-01
3245.9134000 7.214392e-01
3246.6619000 7.211953e-01
3247.4088000 7.209521e-01
3248.1559000 7.207090e-01
3248.9049000 7.204653e-01
3249.6523000 7.202223e-01
3250.4017000 7.199789e-01
3251.1494000 7.197361e-01
3251.8991000 7.194928e-01
3252.6472000 7.192501e-01
3253.3955000 7.190075e-01
3254.1457000 7.187645e-01
3254.8943000 7.185221e-01
3255.6449000 7.182792e-01
3256.3939000 7.180369e-01
3257.1448000 7.177942e-01
3257.8941000 7.175521e-01
3258.6454000 7.173095e-01
3259.3950000 7.170676e-01
3260.1448000 7.168258e-01
3260.8966000 7.165835e-01
3261.6468000 7.163418e-01
3262.3989000 7.160996e-01
3263.1494000 7.158581e-01
3263.9019000 7.156161e-01
3264.6527000 7.153748e-01
3265.4038000 7.151335e-01
3266.1568000 7.148917e-01
3266.9081000 7.146507e-01
3267.6615000 7.144091e-01
3268.4132000 7.141681e-01
3269.1669000 7.139267e-01
3269.9190000 7.136859e-01
3270.6712000 7.134452e-01
3271.4254000 7.132041e-01
3272.1780000 7.129635e-01
3272.9325000 7.127225e-01
3273.6855000 7.124821e-01
3274.4404000 7.122413e-01
3275.1937000 7.120011e-01
3275.9471000 7.117610e-01
3276.7025000 7.115204e-01
3277.4563000 7.112804e-01
3278.2121000 7.110399e-01
3278.9663000 7.108001e-01
3279.7224000 7.105598e-01
3280.4769000 7.103202e-01
3281.2316000 7.100806e-01
3281.9882000 7.098406e-01
3282.7432000 7.096012e-01
3283.5002000 7.093613e-01
3284.2556000 7.091221e-01
3285.0129000 7.088824e-01
3285.7686000 7.086433e-01
3286.5245000 7.084043e-01
3287.2824000 7.081648e-01
3288.0386000 7.079260e-01
3288.7968000 7.076867e-01
3289.5534000 7.074480e-01
3290.3120000 7.072088e-01
3291.0689000 7.069703e-01
3291.8260000 7.067319e-01
3292.5851000 7.064930e-01
3293.3426000 7.062547e-01
3294.1020000 7.060160e-01
3294.8598000 7.057779e-01
3295.6196000 7.055393e-01
3296.3777000 7.053014e-01
3297.1361000 7.050635e-01
3297.8964000 7.048251e-01
3298.6551000 7.045874e-01
3299.4157000 7.043492e-01
3300.1747000 7.041117e-01
3300.9358000 7.038736e-01
3301.6951000 7.036363e-01
3302.4547000 7.033990e-01
3303.2162000 7.031612e-01
3303.9761000 7.029241e-01
3304.7380000 7.026864e-01
3305.4983000 7.024494e-01
3306.2605000 7.022120e-01
3307.0211000 7.019752e-01
3307.7819000 7.017384e-01
3308.5447000 7.015012e-01
3309.3058000 7.012646e-01
3310.0689000 7.010275e-01
3310.8304000 7.007911e-01
3311.5938000 7.005542e-01
3312.3557000 7.003179e-01
3313.1177000 7.000817e-01
3313.8817000 6.998451e-01
3314.6440000 6.996091e-01
3315.4084000 6.993726e-01
3316.1711000 6.991367e-01
3316.9358000 6.989003e-01
3317.6988000 6.986647e-01
3318.4639000 6.984285e-01
3319.2273000 6.981929e-01
3319.9909000 6.979574e-01
3320.7565000 6.977215e-01
3321.5204000 6.974862e-01
3322.2863000 6.972504e-01
3323.0506000 6.970153e-01
3323.8169000 6.967796e-01
3324.5816000 6.965446e-01
3325.3464000 6.963097e-01
3326.1132000 6.960743e-01
3326.8784000 6.958396e-01
3327.6455000 6.956044e-01
3328.4110000 6.953698e-01
3329.1786000 6.951347e-01
3329.9444000 6.949003e-01
3330.7105000 6.946659e-01
3331.4786000 6.944310e-01
3332.2450000 6.941968e-01
3333.0134000 6.939622e-01
3333.7801000 6.937281e-01
3334.5489000 6.934936e-01
3335.3160000 6.932597e-01
3336.0833000 6.930259e-01
3336.8526000 6.927916e-01
3337.6202000 6.925580e-01
3338.3899000 6.923239e-01
3339.1578000 6.920904e-01
3339.9278000 6.918564e-01
3340.6962000 6.916231e-01
3341.4647000 6.913899e-01
3342.2352000 6.911561e-01
3343.0041000 6.909230e-01
3343.7750000 6.906895e-01
3344.5442000 6.904565e-01
3345.3155000 6.902231e-01
3346.0851000 6.899903e-01
3346.8548000 6.897576e-01
3347.6266000 6.895245e-01
3348.3967000 6.892919e-01
3349.1689000 6.890589e-01
3349.9393000 6.888265e-01
3350.7118000 6.885937e-01
3351.4827000 6.883614e-01
3352.2537000 6.881293e-01
3353.0267000 6.878966e-01
3353.7980000 6.876647e-01
3354.5714000 6.874322e-01
3355.3431000 6.872003e-01
3356.1169000 6.869680e-01
3356.8889000 6.867364e-01
3357.6612000 6.865047e-01
3358.4355000 6.862727e-01
3359.2081000 6.860412e-01
3359.9827000 6.858093e-01
3360.7556000 6.855780e-01
3361.5306000 6.853463e-01
3362.3039000 6.851151e-01
3363.0774000 6.848841e-01
3363.8530000 6.846525e-01
3364.6268000 6.844216e-01
3365.4027000 6.841902e-01
3366.1769000 6.839595e-01
3366.9531000 6.837283e-01
3367.7277000 6.834977e-01
3368.5024000 6.832672e-01
3369.2792000 6.830362e-01
3370.0543000 6.828059e-01
3370.8314000 6.825750e-01
3371.6069000 6.823448e-01
3372.3844000 6.821141e-01
3373.1602000 6.818841e-01
3373.9362000 6.816541e-01
3374.7142000 6.814237e-01
3375.4905000 6.811939e-01
3376.2689000 6.809636e-01
3377.0456000 6.807340e-01
3377.8244000 6.805038e-01
3378.6014000 6.802743e-01
3379.3805000 6.800444e-01
3380.1579000 6.798150e-01
3380.9355000 6.795858e-01
3381.7152000 6.793560e-01
3382.4931000 6.791269e-01
3383.2731000 6.788973e-01
3384.0515000 6.786683e-01
3384.8318000 6.784389e-01
3385.6105000 6.782101e-01
3386.3893000 6.779814e-01
3387.1702000 6.777522e-01
3387.9494000 6.775236e-01
3388.7307000 6.772946e-01
3389.5103000 6.770662e-01
3390.2919000 6.768373e-01
3391.0718000 6.766090e-01
3391.8519000 6.763808e-01
3392.6341000 6.761522e-01
3393.4146000 6.759241e-01
3394.1971000 6.756956e-01
3394.9779000 6.754678e-01
3395.7608000 6.752394e-01
3396.5420000 6.750117e-01
3397.3233000 6.747841e-01
3398.1068000 6.745559e-01
3398.8885000 6.743284e-01
3399.6723000 6.741005e-01
3400.4543000 6.738732e-01
3401.2385000 6.736453e-01
3402.0209000 6.734182e-01
3402.8036000 6.731910e-01
3403.5882000 6.729635e-01
3404.3712000 6.727365e-01
3405.1563000 6.725091e-01
3405.9396000 6.722823e-01
3406.7250000 6.720550e-01
3407.5087000 6.718284e-01
3408.2926000 6.716018e-01
3409.0786000 6.713747e-01
3409.8628000 6.711483e-01
3410.6491000 6.709214e-01
3411.4338000 6.706951e-01
3412.2204000 6.704684e-01
3413.0054000 6.702423e-01
3413.7906000 6.700163e-01
3414.5778000 6.697898e-01
3415.3633000 6.695639e-01
3416.1509000 6.693375e-01
3416.9367000 6.691118e-01
3417.7247000 6.688856e-01
3418.5109000 6.686600e-01
3419.2974000 6.684345e-01
3420.0858000 6.682086e-01
3420.8726000 6.679832e-01
3421.6615000 6.677574e-01
3422.4486000 6.675322e-01
3423.2378000 6.673065e-01
3424.0253000 6.670815e-01
3424.8130000 6.668565e-01
3425.6028000 6.666310e-01
3426.3908000 6.664062e-01
3427.1810000 6.661809e-01
3427.9694000 6.659563e-01
3428.7599000 6.657311e-01
3429.5486000 6.655066e-01
3430.3376000 6.652822e-01
3431.1286000 6.650573e-01
3431.9180000 6.648330e-01
3432.7093000 6.646083e-01
3433.4990000 6.643841e-01
3434.2908000 6.641595e-01
3435.0809000 6.639355e-01
3435.8711000 6.637116e-01
3436.6634000 6.634872e-01
3437.4540000 6.632635e-01
3438.2467000 6.630392e-01
3439.0376000 6.628156e-01
3439.8307000 6.625916e-01
3440.6220000 6.623681e-01
3441.4154000 6.621442e-01
3442.2071000 6.619209e-01
3442.9990000 6.616976e-01
3443.7929000 6.614740e-01
3444.5851000 6.612509e-01
3445.3795000 6.610273e-01
3446.1721000 6.608044e-01
3446.9667000 6.605810e-01
3447.7597000 6.603582e-01
3448.5529000 6.601355e-01
3449.3481000 6.599124e-01
3450.1416000 6.596898e-01
3450.9372000 6.594668e-01
3451.7311000 6.592444e-01
3452.5271000 6.590215e-01
3453.3213000 6.587993e-01
3454.1157000 6.585771e-01
3454.9122000 6.583545e-01
3455.7070000 6.581324e-01
3456.5039000 6.579099e-01
3457.2991000 6.576881e-01
3458.0963000 6.574657e-01
3458.8919000 6.572440e-01
3459.6876000 6.570223e-01
3460.4854000 6.568002e-01
3461.2815000 6.565787e-01
3462.0796000 6.563568e-01
3462.8761000 6.561354e-01
3463.6746000 6.559136e-01
3464.4714000 6.556924e-01
3465.2684000 6.554712e-01
3466.0675000 6.552497e-01
3466.8649000 6.550287e-01
3467.6643000 6.548072e-01
3468.4620000 6.545864e-01
3469.2619000 6.543651e-01
3470.0600000 6.541444e-01
3470.8582000 6.539238e-01
3471.6586000 6.537028e-01
3472.4573000 6.534823e-01
3473.2580000 6.532614e-01
3474.0570000 6.530411e-01
3474.8581000 6.528203e-01
3475.6575000 6.526001e-01
3476.4571000 6.523801e-01
3477.2587000 6.521595e-01
3478.0587000 6.519396e-01
3478.8607000 6.517192e-01
3479.6610000 6.514994e-01
3480.4634000 6.512792e-01
3481.2641000 6.510595e-01
3482.0650000 6.508399e-01
3482.8679000 6.506199e-01
3483.6692000 6.504005e-01
3484.4725000 6.501806e-01
3485.2741000 6.499613e-01
3486.0778000 6.497416e-01
3486.8797000 6.495225e-01
3487.6819000 6.493034e-01
3488.4861000 6.490840e-01
3489.2887000 6.488650e-01
